/*--------------------------------*- C++ -*----------------------------------*\
  =========                 |
  \\      /  F ield         | OpenFOAM: The Open Source CFD Toolbox
   \\    /   O peration     | Website:  https://openfoam.org
    \\  /    A nd           | Version:  10
     \\/     M anipulation  |
\*---------------------------------------------------------------------------*/
FoamFile
{
    format      ascii;
    class       volScalarField;
    location    "0.3/reacting";
    object      a;
}
// * * * * * * * * * * * * * * * * * * * * * * * * * * * * * * * * * * * * * //

dimensions      [0 -1 0 0 0 0 0];

internalField   nonuniform List<scalar> 
1571
(
1.51764848255e-08
1.34921797733e-08
1.19995182053e-06
9.41072569857e-09
1.3929194212e-06
5.37376802171e-05
1.70865974617e-06
9.56397581248e-05
0.00177641606034
0.000249248493271
0.00567074924841
0.0132720377887
0.0558844946201
0.0389610626554
0.0327861330062
0.227585919013
0.29324673688
0.0804426383328
0.0615520195453
0.301881101618
0.576355222183
0.75368677442
0.131806777257
0.10164198132
0.364163135549
0.517623100573
0.438204245491
0.122888566116
0.250301021283
0.193377089816
0.150557537443
0.400919896658
0.501868654419
0.336217148255
0.711016284659
0.100320379206
0.106930148306
0.187866354533
0.251252938329
0.20724497616
0.422502765106
0.48722549786
0.330058733985
0.244382655527
1.21077043528
0.100023692214
0.100346883313
0.106802231891
0.152469911933
0.306994656232
0.27467222824
0.441780937696
0.479484661266
0.330412543968
0.150387632842
0.71861560714
0.694616950269
0.100030946403
0.100513321836
0.105982541545
0.121392044668
0.363689139589
0.342423161396
0.459362790475
0.474543490559
0.333565925935
0.126544279815
0.479492023091
1.09034579877
0.248472499462
0.100040378633
0.100516489741
0.102860299533
0.10646932882
0.406893149554
0.39684685242
0.465741144572
0.471744403627
0.336778983319
0.121260143715
0.417698270539
0.99338153862
0.52762003344
0.13566145067
0.100041210592
0.100298821553
0.100979872663
0.101496633053
0.437430519239
0.444971857857
0.469849882621
0.466060896454
0.345675655505
0.13510067504
0.374443398961
0.88906436824
0.743322660684
0.199154393918
0.107446992581
0.100032335057
0.100127298103
0.100261220909
0.100287709899
0.466740655301
0.479461826335
0.478161073477
0.459840122945
0.351850559779
0.150395706093
0.206544714658
0.964664466567
0.809423012107
0.282434734132
0.122417295647
0.101287007217
0.100023529958
0.100048792074
0.100064993087
0.100056705258
0.487074004568
0.498147484472
0.482967442056
0.458722862445
0.358168508855
0.166082918774
0.131950524953
0.962776306376
0.892234105007
0.367073307148
0.144734265049
0.104156437299
0.100197693099
0.100018637796
0.100023510671
0.100023802668
0.100020903359
0.497154741066
0.512267626523
0.484044949811
0.457232583209
0.364484553639
0.182284870126
0.122429881628
0.967181783851
0.982810042521
0.436610017522
0.16963032108
0.109420566826
0.100635552454
0.100037762916
0.100016708417
0.100017293705
0.100016880754
0.100016314731
0.506558525585
0.519952801506
0.488201533194
0.455473571465
0.371220752127
0.202197933147
0.131371863537
0.943129996687
1.03124525801
0.500916956318
0.195555588853
0.116684129392
0.101592198064
0.100092827677
0.100018010295
0.100016110904
0.10001607285
0.100015924026
0.100015828004
0.511218504221
0.514334962171
0.489340021187
0.457866832955
0.377059356315
0.221180267364
0.146533686604
0.885126698159
1.12388698017
0.560444329004
0.222409278981
0.125325860785
0.103197686535
0.100229098128
0.100023810972
0.100015954445
0.100015952026
0.100015872784
0.100015817292
0.100015787313
0.50452164789
0.500778021935
0.482247867904
0.457838371627
0.383829237216
0.241420932477
0.154201912895
0.743218637573
1.25265878025
0.627051829075
0.250320252745
0.135050632329
0.105462415296
0.100496653354
0.100039591839
0.10001645572
0.100015777758
0.100015913371
0.100015846679
0.10001580829
0.100015801035
0.491454758582
0.486466074346
0.471108472542
0.452449015172
0.387690166642
0.261323227668
0.168135544638
0.445704515311
1.36209175405
0.702935655577
0.279094615496
0.145626425827
0.108379485981
0.100940191049
0.10007468807
0.10001796021
0.100015798903
0.100015783803
0.10001590632
0.100015843532
0.100015822122
0.100015784565
0.478162220371
0.472474275865
0.460353579099
0.44461165618
0.389697012848
0.281087413021
0.18967116396
0.26138161085
1.32842526662
0.783686754433
0.31323227676
0.157154942113
0.111924896662
0.101598539076
0.100141253966
0.100021688395
0.100015904878
0.100015770541
0.100015768965
0.100015907271
0.100015854655
0.100015804202
0.100015817139
0.465321931421
0.458006704695
0.450113243783
0.437337693952
0.389929111474
0.29616260016
0.210648708742
0.269636226187
1.41811077502
0.886110095517
0.35154529745
0.169189027461
0.116101216179
0.102503713323
0.100253586885
0.100029630657
0.100016219269
0.100015764058
0.100015755767
0.100015803288
0.100015914356
0.100015836094
0.100015835357
0.100015739613
0.451969215251
0.442891716806
0.439176542723
0.430484002534
0.390072018464
0.308459278755
0.224243784967
0.241438497986
1.51103010103
1.01485594554
0.399302437621
0.183357198967
0.120875587804
0.103686232487
0.100427614983
0.100044671251
0.100016980062
0.100015774215
0.100015743995
0.100015792535
0.100015727837
0.100015899286
0.100015864467
0.100015757181
0.100015809029
0.43790518835
0.42727509881
0.427349940523
0.422627771468
0.390196857961
0.318817350587
0.239243771743
0.213820780399
1.40719483472
1.13492199809
0.454208122575
0.200363098156
0.126432930586
0.105175271222
0.100681011831
0.1000706792
0.100018591979
0.100015823454
0.100015734059
0.100015783528
0.100015720959
0.100015797457
0.100015920566
0.100015787128
0.100015826546
0.100015571914
0.423232751937
0.411915034247
0.414657918078
0.413639137503
0.388562805102
0.328380815368
0.256506058475
0.215651010926
1.0080156589
1.26690256413
0.514462295723
0.220182507049
0.132959419927
0.107025118035
0.101034223187
0.100112665843
0.100021686278
0.100015955304
0.100015727738
0.100015775664
0.100015718222
0.100015792329
0.100015545458
0.100015846427
0.100015855522
0.100015612801
0.10001575105
0.408689649205
0.398100176114
0.401821581309
0.403428771051
0.385257258732
0.33533774354
0.273145168814
0.229711608597
0.795464801435
1.38556499333
0.591409591017
0.24285477542
0.140673427554
0.109303726734
0.101511922566
0.100177014474
0.100027197603
0.100016246587
0.10001572873
0.100015768725
0.10001571895
0.100015793448
0.10001555171
0.10001566411
0.100015912396
0.100015665572
0.100015796209
0.100014731257
0.39552823304
0.385585947449
0.390027979072
0.392742007504
0.37994443912
0.339644930067
0.285987913307
0.240450343742
0.486652817914
1.5638624029
0.71271831366
0.270965474014
0.149750379509
0.112089981427
0.102142559253
0.100271841499
0.100036450077
0.100016824385
0.100015744089
0.100015762578
0.100015722
0.100015799319
0.100015591682
0.100015665037
0.100014750946
0.100015731741
0.100015838019
0.100014875856
0.383510756311
0.373826390412
0.379054738663
0.382687226076
0.373542917653
0.340568603798
0.29456047746
0.247763616026
0.287600053111
1.58147420943
0.854006166082
0.310374873552
0.160837893371
0.115496857961
0.102962698268
0.100407345915
0.100051281191
0.100017888564
0.100015786758
0.100015757192
0.100015725756
0.100015806988
0.100015647368
0.100015741139
0.100015041533
0.10001490562
0.100015917907
0.372124923997
0.362677235406
0.368457327394
0.373054951016
0.366995868295
0.340111299529
0.299024611328
0.25311100177
0.247530634402
1.51823460605
1.03012410949
0.367547018593
0.17542951198
0.119721998283
0.104021975337
0.10059683861
0.10007419829
0.100019742713
0.100015879375
0.100015752996
0.100015728601
0.100015813403
0.100015700962
0.100015823502
0.10001543406
0.100015169874
0.361269319678
0.352291297865
0.358225356341
0.363479201799
0.360101929984
0.338685019196
0.303897967361
0.258914628746
0.2343832402
1.35949664243
1.20664699516
0.443217899738
0.192793583658
0.125097544011
0.10538811555
0.100857715132
0.100108638278
0.100022836233
0.100016059739
0.100015751452
0.100015729319
0.100015816486
0.100015743829
0.100015884217
0.100015738969
0.100015518326
0.351117344262
0.342694332095
0.348573585503
0.354068425546
0.352637922864
0.335862866278
0.306274147183
0.268817086789
0.241272029818
0.990276134482
1.40745288275
0.532864853954
0.216809879614
0.13179835173
0.10716062342
0.101213578232
0.10015929426
0.100027827171
0.100016388689
0.100015755804
0.100015727224
0.1000158152
0.100015773344
0.100015919276
0.100015920412
0.100015804183
0.341708566561
0.333576643939
0.339568362755
0.345083955966
0.344958113839
0.331701704629
0.306766782627
0.272722707464
0.247863701684
0.722468096494
1.52410113826
0.653370336166
0.247792143067
0.140578461428
0.109462764042
0.101696139762
0.100232646246
0.100035666749
0.100016961709
0.100015772113
0.100015722118
0.100015809231
0.100015789555
0.100015931014
0.100016001287
0.100015973071
0.332731417047
0.324403689921
0.330892809367
0.336620629231
0.337400275453
0.326973218172
0.305702082599
0.275060946956
0.241862653945
0.345025213744
1.61004773984
0.827884664471
0.288233889075
0.151985323253
0.112499765376
0.102350616289
0.10033762546
0.100047728398
0.10001792564
0.100015810828
0.10001571428
0.100015798738
0.10001579466
0.10001592645
0.100016019117
0.100016045885
0.323670706232
0.315482638261
0.32207388903
0.328350798492
0.330102864257
0.321982328852
0.304179713737
0.276537286129
0.243654933241
0.236276799587
1.39970602273
1.0301210477
0.345301321839
0.166819381504
0.116521373961
0.103237793311
0.100487127117
0.100065983617
0.100019504021
0.100015889208
0.100015704495
0.100015784051
0.100015791112
0.100015911497
0.100016003594
0.100016055545
0.314847290386
0.306913444801
0.313462020957
0.319859761363
0.322708432319
0.316816950223
0.302102566595
0.278562144165
0.247522665621
0.235058076429
1.13742804906
1.24424916098
0.435428958965
0.187447748575
0.121861170071
0.104450033541
0.100698608168
0.1000933441
0.100022034251
0.10001603512
0.100015694188
0.100015765379
0.100015780766
0.100015889976
0.100015972461
0.100016032621
0.306370911525
0.299305432392
0.305187252658
0.311538038326
0.314931529049
0.311033701835
0.299299495966
0.279437217338
0.253642547797
0.240891591444
1.00290036243
1.3845582215
0.561078399059
0.213789286151
0.129147735004
0.106101761937
0.100999506212
0.100133956903
0.100026033585
0.100016292957
0.100015685819
0.10001574283
0.100015764745
0.100015864124
0.100015935368
0.100015995277
0.298839762042
0.292203532238
0.297823056913
0.30354113898
0.307249353954
0.30462067086
0.295326176862
0.278395333098
0.256370915789
0.246513711907
0.723353336395
1.53939352834
0.705069940338
0.253037787353
0.138851897451
0.10839970411
0.101426619126
0.100194252076
0.100032277722
0.100016733768
0.100015683545
0.100015716353
0.100015743762
0.1000158352
0.100015896663
0.100015953431
0.291802986149
0.286064209115
0.29092780945
0.296407052546
0.299866977751
0.298223008176
0.290552976719
0.276225263871
0.256193565912
0.242860406261
0.437185776965
1.59563932106
0.871356310675
0.302882790696
0.152470017926
0.111580048976
0.102038449772
0.100283422106
0.100041986452
0.100017470002
0.100015694512
0.100015685903
0.100015718062
0.100015803712
0.100015858141
0.100015911171
0.28571066582
0.279633685645
0.284937520062
0.289707087848
0.293241521448
0.29209708898
0.285833566421
0.273289347972
0.254828949985
0.235797080053
0.274691677563
1.29903964531
1.07653616693
0.363120476505
0.170267236202
0.116114807118
0.102909592624
0.100415726099
0.100057000077
0.100018683728
0.100015730775
0.100015651422
0.100015687605
0.10001576966
0.100015819904
0.100015870001
0.279314058321
0.273528745827
0.278614975015
0.283857307561
0.286973621442
0.286507927371
0.281371662657
0.270596007539
0.254161395302
0.235135307689
0.241030791398
1.05587831274
1.22267387043
0.458266911338
0.192807590027
0.122226057998
0.104173234457
0.100611786427
0.100080198848
0.100020662465
0.100015813045
0.100015613196
0.100015651884
0.100015732561
0.100015781403
0.10001582974
0.273233135589
0.266165579208
0.272584778306
0.277637751539
0.281434254144
0.281123102543
0.277134381744
0.268114890474
0.253789874649
0.237049742527
0.23938250887
0.852143179469
1.39295690843
0.584552341704
0.221528094731
0.130347138886
0.105956650794
0.100904906246
0.100115957512
0.100023870211
0.100015975838
0.100015572074
0.100015610175
0.100015691626
0.100015741423
0.100015789694
0.265811541186
0.253444488375
0.265034185918
0.271673372528
0.275444894516
0.276213187562
0.272901616991
0.265417580835
0.253418260393
0.239329835845
0.242168080603
0.647774203629
1.49944817871
0.739016401351
0.262777154807
0.141084413093
0.108439883796
0.101337383839
0.100171239329
0.100029045984
0.100016277999
0.100015530329
0.10001556149
0.100015645743
0.100015698693
0.100015748452
0.25291302606
0.241512853022
0.251754966352
0.263936638045
0.269617907327
0.270704280209
0.268805379212
0.262484018741
0.252200053903
0.240083865681
0.242064390301
0.46378979933
1.41811387096
0.923684209844
0.316296657167
0.155862853564
0.111969907432
0.101971912248
0.100256189163
0.10003739301
0.100016817242
0.100015492747
0.100015504853
0.100015593484
0.100015651916
0.100015704781
0.24100897042
0.230940932101
0.239914407936
0.250137101444
0.261461026046
0.265072599464
0.263936345949
0.259306884242
0.250438664915
0.239460331127
0.238113963846
0.357301896926
1.33816037389
1.0759169301
0.381705807817
0.1751399172
0.116930237445
0.102907280515
0.100386748336
0.100050796295
0.10001775994
0.100015468633
0.100015439589
0.100015533806
0.100015599685
0.100015656887
0.230495392444
0.221037769609
0.229530449871
0.238402727657
0.24658636334
0.255940627935
0.25840343378
0.255154379266
0.248251072808
0.238374627974
0.233252597143
0.292990497291
1.07357065062
1.26124849731
0.476724012226
0.199250550934
0.123566022336
0.104261307832
0.100586676941
0.10007233016
0.10001937727
0.100015475426
0.100015365453
0.100015465203
0.100015539764
0.100015603929
0.220668422198
0.212030229307
0.219871763581
0.22820149888
0.235109520558
0.239334011438
0.247900649466
0.249692703805
0.244679019798
0.236967684023
0.231413212236
0.260551187925
0.835570794324
1.36225362997
0.595026024486
0.22819463858
0.132324013817
0.106183671454
0.100889987836
0.100106697514
0.100022134782
0.100015543107
0.100015283661
0.100015386737
0.100015471433
0.100015543623
0.211755518243
0.204182704094
0.211168319315
0.218786850932
0.225295164549
0.228416712744
0.229573736024
0.237705518319
0.239346872984
0.233964414062
0.230080509667
0.25273523681
0.592929974083
1.43059428684
0.752284629004
0.267980429505
0.14350919451
0.108869677964
0.101345135668
0.100161279456
0.100026773469
0.100015725842
0.100015196425
0.10001529792
0.100015393315
0.100015474911
0.204020407669
0.197837483989
0.203675799717
0.210381620243
0.216449102101
0.219552524216
0.219959611001
0.21894338811
0.225703716434
0.228995954127
0.227941951528
0.246597333984
0.519523528879
1.2721131051
0.91871213274
0.32155360483
0.158424120341
0.112591251279
0.102023022663
0.100247482173
0.10003454971
0.100016112515
0.100015109039
0.100015199324
0.100015305037
0.100015396465
0.197770642132
0.192009141081
0.197645981598
0.203220939335
0.208719250627
0.212043907502
0.212891221065
0.211928760149
0.212183719171
0.213805139159
0.223916173614
0.245670005257
0.411663856809
1.23101215565
1.0832903982
0.389363160218
0.178357593008
0.117763383954
0.103013508538
0.100382876577
0.100047476229
0.100016863512
0.10001502924
0.100015092095
0.100015206815
0.100015308018
0.192048670501
0.185286280724
0.192151165282
0.1975272219
0.202278190492
0.205883254338
0.207600537649
0.208033910446
0.209185084851
0.221828136365
0.209008554242
0.243929135916
0.394732188466
1.12169514065
1.19551574387
0.494312334091
0.204255369025
0.124875231301
0.104459709585
0.100592452533
0.100068970097
0.100018244193
0.100014972232
0.100014977764
0.100015099861
0.100015209729
0.185452107473
0.185060243353
0.185841233732
0.192334394533
0.197423551506
0.200838476912
0.203567726297
0.205897753693
0.21291196973
0.227695598164
0.285125839213
0.241205650881
0.392745286224
0.818306306941
1.313860632
0.604068464783
0.23541405433
0.134551765554
0.106586531018
0.100920756425
0.100104333947
0.100020739937
0.100014960426
0.100014858535
0.100014985322
0.100015102814
0.185644454012
0.202267066402
0.186963717613
0.186452360709
0.192852472559
0.198358464365
0.201312378647
0.206265783995
0.215478086945
0.24757236137
0.322251623214
0.491266787802
0.406798863833
0.815380218885
1.19031933678
0.702118036441
0.274124359012
0.147247297783
0.1096762372
0.10143421952
0.100163273904
0.100025169652
0.100015043349
0.100014736228
0.100014865035
0.100014988427
0.202994654965
0.223818412017
0.204576694716
0.188914131619
0.188030984463
0.19495250786
0.202386532243
0.208111403881
0.222089309403
0.256728208737
0.352456434442
0.572629174145
0.858329913899
0.800551596481
1.14983661871
0.770655364762
0.316418885187
0.163378813716
0.114112832038
0.10224420269
0.100261670422
0.100033113533
0.100015296682
0.100014615683
0.100014739843
0.100014868308
0.22443895535
0.245694458917
0.225801728836
0.206757176446
0.193517579514
0.193071670011
0.20062321959
0.213527658014
0.230647993832
0.274025718785
0.357810592714
0.571740921938
0.89905296859
1.03177385196
0.942129752625
0.726527646652
0.351285041409
0.182837563604
0.120375922049
0.103512920414
0.100431016201
0.100047508602
0.100015906308
0.100014501664
0.100014612945
0.100014743415
0.246210535277
0.264878032176
0.247344127068
0.227718244251
0.211677004864
0.204476358252
0.204592474039
0.214611880394
0.242148120115
0.2837670769
0.373784016061
0.548626814587
0.88505948845
1.03372750262
0.779192227635
0.601110397975
0.363693549754
0.202374126199
0.128938900279
0.105551628453
0.10072374892
0.100074556219
0.100017187221
0.100014410458
0.100014485536
0.100014616277
0.265303917905
0.282610661711
0.266240550337
0.248939275987
0.232072348199
0.222639694484
0.221646010708
0.225600348157
0.243310614959
0.293998592017
0.374862031509
0.539855930738
0.805909376328
1.04576378179
0.868169148809
0.484410165591
0.374184715254
0.216624730214
0.139712652248
0.108754182469
0.101267169264
0.10012711585
0.100020024864
0.100014358452
0.100014364471
0.100014488306
0.282938548587
0.292917901014
0.283660164717
0.267560807058
0.252560655673
0.241743159601
0.239167332218
0.246453932962
0.258282219671
0.289844776998
0.37365923441
0.518164717643
0.758738016677
0.990167167543
0.945194652948
0.578698324266
0.328130704154
0.254504520305
0.153836985239
0.114004404169
0.10227614905
0.10024097036
0.100026332307
0.100014426736
0.100014250929
0.100014364206
0.293200328612
0.308658857208
0.293822552984
0.28467849782
0.2705583479
0.260622024795
0.256108254471
0.262047304475
0.280371714066
0.305374438853
0.353834208945
0.494356175135
0.711021549356
0.925343830688
1.00090373571
0.669064031374
0.243243134716
0.184562153655
0.124433297052
0.104459014252
0.100496086062
0.100043155745
0.100014758496
0.100014164565
0.100014243186
0.308931864157
0.318055705339
0.309534546223
0.294702209924
0.286990417523
0.277273019178
0.272672406122
0.275806277617
0.291880961757
0.323847775543
0.371165466691
0.433185138649
0.650391868799
0.910687549165
0.976813141278
0.80809212188
0.189540431711
0.147340208544
0.110815234069
0.101251817875
0.10008999488
0.100016215488
0.100014127547
0.100014134178
0.318356899974
0.347018135345
0.319021105827
0.310389427217
0.296702889896
0.292203157981
0.2873800538
0.289367935947
0.301554607467
0.329455916831
0.377337384945
0.447799121871
0.532584304504
0.822051842555
1.01820543107
0.889310992908
0.16073283796
0.126642421726
0.104747353105
0.100287249641
0.100021412085
0.100014365384
0.100014037617
0.347273524681
0.351804789688
0.3478360582
0.319959015589
0.312341206305
0.301253448861
0.300117303249
0.301502505371
0.311437382926
0.33432560623
0.376755460523
0.450109182134
0.528900909452
0.655752919289
0.974729198445
1.00284558828
0.142859825725
0.11539636135
0.10160855123
0.100054316382
0.100015565669
0.100014043477
0.352038346741
0.410333928935
0.352556159975
0.348629965927
0.32208808624
0.316843674469
0.308280592189
0.311319633272
0.320367377901
0.339996922807
0.376407466861
0.437151481723
0.559451614235
0.587141261933
0.794057310703
1.13410457466
0.129417579855
0.108212228285
0.100333344044
0.100025958595
0.100014407069
0.410521189827
0.410934815134
0.353289637138
0.350430458116
0.326904819591
0.323910438031
0.318545534867
0.326600347442
0.345007516713
0.37766684001
0.435816856185
0.555858532582
0.611752720929
0.992482869858
1.09136936199
0.11864478987
0.102932850543
0.100116420916
0.10001851626
0.41151888291
0.354958384058
0.354504194228
0.334190404672
0.334291793955
0.333258465435
0.347424389326
0.377530765766
0.430431377497
0.56508005659
0.652834005772
1.10638227053
0.95854865854
0.109740322626
0.117894004081
0.10120989238
0.100053842659
0.412842233339
0.358798957576
0.360697866444
0.344395000944
0.348825460536
0.354291495826
0.377354665195
0.426698199436
0.550249092502
0.728384488478
1.10966960779
0.891861216939
0.11058325941
0.106187181092
0.117191987065
0.100531043603
0.415848784102
0.364687499903
0.369455020549
0.358035485688
0.368308301524
0.38389411949
0.423354376152
0.540113339017
0.795415142891
1.05259086851
0.850367603418
0.110973826073
0.107274950848
0.104463505868
0.116517058438
0.420385416276
0.373039229469
0.38121829086
0.375762478202
0.393472404628
0.425150891335
0.502500755321
0.709115713149
0.832980432191
0.907785271296
0.690081354444
0.111101248617
0.107753315856
0.105532903097
0.115835564755
0.426679470493
0.384209549624
0.396330117996
0.398323216342
0.425297604475
0.476661504693
0.587220782656
0.796440604065
0.819854176526
0.725728810542
0.466976454287
0.111192903851
0.108057505216
0.106174220049
0.115737435876
0.435031879284
0.39850141771
0.415042787213
0.425926458754
0.464004689781
0.529380693755
0.649788611345
0.809621444739
0.776902455301
0.500087676704
0.144131070002
0.111318765713
0.108329370954
0.106647854853
0.445800680663
0.416136716532
0.437722288036
0.458168093346
0.508388316949
0.580330090477
0.67503418416
0.776493125842
0.705176574251
0.713568455459
0.189967804542
0.113079502534
0.108574508928
0.10705331133
0.459385750238
0.437338282999
0.464831916319
0.496019078494
0.554825226849
0.624083554921
0.685329805996
0.727565993744
0.470405078197
0.642256462884
0.675830407466
0.119395359784
0.109037646584
0.107407742094
0.476167784105
0.46240250445
0.496485425802
0.539206929745
0.600409527753
0.659900791972
0.679952462201
0.695402858721
0.208732980601
0.483287709375
0.623665730008
0.636938277003
0.110287990064
0.107789796011
0.496427305399
0.491671284039
0.532469478959
0.583096638308
0.641444618132
0.67236973013
0.653861937013
0.662452606799
0.234759336408
0.129769526399
0.500964001528
0.592011667848
0.626077950161
0.108368204636
0.520217754404
0.525457924415
0.572822282876
0.625686915727
0.662706411335
0.656760181454
0.618296502867
0.60894951229
0.263970465326
0.143622801067
0.11561744729
0.493851208575
0.576072386828
0.546801400396
0.563979023241
0.613620508757
0.653102387728
0.652541256905
0.623201014892
0.586305520817
0.560116631286
0.286356228104
0.160374854495
0.122620965499
0.488974545996
0.575602570797
0.603945003087
0.642483781106
0.650483812774
0.621052597299
0.584567928366
0.544035394998
0.478077478742
0.306168691778
0.175364286892
0.132513616443
0.604635153823
0.634555062252
0.646508961013
0.623465966043
0.578786204935
0.537651696867
0.467817645672
0.321858612778
0.192152356329
0.143581807066
0.62802406127
0.641956755862
0.623739918518
0.582036765551
0.528245195863
0.463624922597
0.333937267735
0.207269529461
0.156777249722
0.635290330294
0.622526098191
0.582467407168
0.528863927728
0.459349328854
0.344386791585
0.221071053348
0.170734114675
0.621104530807
0.583396408222
0.529410385361
0.46069380601
0.35302596774
0.23550549488
0.185327669936
0.587043355505
0.53187499485
0.463393793675
0.362036253793
0.256700951514
0.209610186758
0.537006394128
0.467038375047
0.371527313232
0.279123983058
0.233064945599
0.473557439574
0.382572241415
0.30060111626
0.257480435426
0.392346848502
0.322077739154
0.2810716745
0.340316624531
0.304961076717
0.325173918703
)
;

boundaryField
{
    inletfuel
    {
        type            calculated;
        value           nonuniform List<scalar> 3(1.51764848255e-08 1.34921797733e-08 9.41072569857e-09);
    }
    inletair
    {
        type            calculated;
        value           nonuniform List<scalar> 
20
(
0.100023692214
0.100030946403
0.100040378633
0.100041210592
0.100032335057
0.100023529958
0.100018637796
0.100016708417
0.100016110904
0.100015952026
0.100015913371
0.10001590632
0.100015907271
0.100015914356
0.100015899286
0.100015920566
0.100015846427
0.100015912396
0.100015731741
0.100015917907
)
;
    }
    outlet
    {
        type            calculated;
        value           nonuniform List<scalar> 
26
(
0.410333928935
0.410521189827
0.410934815134
0.41151888291
0.412842233339
0.415848784102
0.420385416276
0.426679470493
0.435031879284
0.445800680663
0.459385750238
0.476167784105
0.496427305399
0.520217754404
0.546801400396
0.575602570797
0.604635153823
0.62802406127
0.635290330294
0.621104530807
0.587043355505
0.537006394128
0.473557439574
0.392346848502
0.340316624531
0.325173918703
)
;
    }
    leftside
    {
        type            calculated;
        value           nonuniform List<scalar> 
65
(
0.100014731257
0.100014875856
0.100015917907
0.100015838019
0.100015796209
0.100014875856
0.10001490562
0.100015169874
0.100015518326
0.100015804183
0.100015973071
0.100016045885
0.100016055545
0.100016032621
0.100015995277
0.100015953431
0.100015911171
0.100015870001
0.10001582974
0.100015789694
0.100015748452
0.100015704781
0.100015656887
0.100015603929
0.100015543623
0.100015474911
0.100015396465
0.100015308018
0.100015209729
0.100015102814
0.100014988427
0.100014868308
0.100014743415
0.100014616277
0.100014488306
0.100014364206
0.100014243186
0.100014134178
0.100014037617
0.100014043477
0.100014407069
0.10001851626
0.100053842659
0.100531043603
0.104463505868
0.105532903097
0.106174220049
0.106647854853
0.10705331133
0.107407742094
0.107789796011
0.108368204636
0.11561744729
0.122620965499
0.132513616443
0.143581807066
0.156777249722
0.170734114675
0.185327669936
0.209610186758
0.233064945599
0.257480435426
0.2810716745
0.304961076717
0.325173918703
)
;
    }
    burnerwall
    {
        type            calculated;
        value           nonuniform List<scalar> 7(9.41072569857e-09 1.70865974617e-06 0.000249248493271 0.100023692214 0.100320379206 0.122888566116 0.29324673688);
    }
    front
    {
        type            wedge;
    }
    back
    {
        type            wedge;
    }
    reacting_to_fluid
    {
        type            calculated;
        value           nonuniform List<scalar> 
22
(
0.328130704154
0.243243134716
0.189540431711
0.16073283796
0.142859825725
0.129417579855
0.578698324266
0.117894004081
0.669064031374
0.117191987065
0.80809212188
0.116517058438
0.889310992908
0.115835564755
1.00284558828
1.09136936199
0.95854865854
0.891861216939
0.850367603418
0.690081354444
0.115737435876
0.466976454287
)
;
    }
    reacting_to_solid
    {
        type            calculated;
        value           nonuniform List<scalar> 
22
(
0.587141261933
0.611752720929
0.652834005772
0.728384488478
0.795415142891
0.832980432191
0.819854176526
0.559451614235
0.713568455459
0.555858532582
0.675830407466
0.56508005659
0.636938277003
0.550249092502
0.709115713149
0.796440604065
0.809621444739
0.776493125842
0.727565993744
0.695402858721
0.626077950161
0.662452606799
)
;
    }
}


// ************************************************************************* //
