/*--------------------------------*- C++ -*----------------------------------*\
  =========                 |
  \\      /  F ield         | OpenFOAM: The Open Source CFD Toolbox
   \\    /   O peration     | Website:  https://openfoam.org
    \\  /    A nd           | Version:  10
     \\/     M anipulation  |
\*---------------------------------------------------------------------------*/
FoamFile
{
    format      ascii;
    class       volScalarField;
    location    "0.3/reacting";
    object      dQ;
}
// * * * * * * * * * * * * * * * * * * * * * * * * * * * * * * * * * * * * * //

dimensions      [1 2 -3 0 0 0 0];

internalField   nonuniform List<scalar> 
1571
(
2.37337469193e-10
1.24383134235e-09
2.21892643544e-08
4.53964461643e-09
1.19262511788e-07
7.08924373306e-07
8.40750067993e-07
5.4185363606e-06
2.7245288338e-05
7.60530780997e-05
0.000404604345497
0.000247797872395
0.0250364270038
0.0042172791405
0.000395725132866
0.139010579313
0.0164940762351
0.00417590975154
0.000395247814183
0.0489786846132
0.42335146736
0.138105913271
0.00304641016237
0.000362493749552
0.0181757578118
0.107915625673
1.30845670608
0.00034703301618
0.00555347626568
0.00208041770572
0.000291949567445
0.00669709099323
0.0292147917846
0.273225627789
0.767335552541
6.98676340453e-06
3.94342185789e-05
0.000765620307635
0.00126994750781
0.000206284268421
0.00278028386538
0.00874972563688
0.0634146745778
0.853129938238
0.10186850649
1.76109115812e-07
2.14706250498e-06
2.46655417689e-05
0.000136083155622
0.000722563273476
0.000132670332686
0.00121060290391
0.00327268839805
0.0228263917333
0.332973765297
0.141347646611
0.00498902262908
8.84268654943e-08
2.34448843974e-06
1.71703389131e-05
4.0071471387e-05
0.000394592241538
7.85092471711e-05
0.000570375228998
0.00141682895248
0.0131960149767
0.167766793346
0.140957950949
0.0204823162821
0.000293418862046
1.47229761375e-07
2.7586398157e-06
6.24701493553e-06
1.16388879659e-05
0.000213605940641
4.38083356981e-05
0.000299567103873
0.000701651544726
0.00724982655496
0.123719396159
0.217243300652
0.0201525952828
0.00149402492271
5.13765662324e-05
2.10892085918e-07
1.25140537308e-06
2.01915043517e-06
2.90153310964e-06
0.00011727266751
2.42964001749e-05
0.000187972376653
0.000440052172932
0.00419795967219
0.0577354441313
0.368497287566
0.0173169031573
0.00286243326598
0.000128660187829
1.20465115689e-05
1.30132703585e-07
4.62767181996e-07
5.37825264199e-07
6.01635356202e-07
7.10375714502e-05
1.49077504238e-05
0.000147306593316
0.0003578604109
0.00341808983025
0.0316312869005
0.55902672549
0.0227751560806
0.00334721079768
0.000289439331798
2.83639953903e-05
2.42612381849e-06
5.6145259319e-08
1.38747172951e-07
1.17722210801e-07
1.0387436733e-07
4.97796198301e-05
1.05404449678e-05
0.000128953973993
0.000341503602149
0.00339490953529
0.0294326858865
0.260737513243
0.040013103651
0.00315932996154
0.000475214747285
5.0775274798e-05
6.51372895973e-06
4.12265229287e-07
1.9353166634e-08
3.3958649298e-08
2.13537793282e-08
1.50301995605e-08
4.00255534182e-05
8.73393392857e-06
0.000114755225042
0.000312266482944
0.0034356462134
0.0301247032418
0.259983367687
0.116729557824
0.00336430322981
0.000604014508787
7.7640803387e-05
1.26224075671e-05
1.21613101818e-06
5.91237445784e-08
5.41096316462e-09
6.84565082376e-09
3.23536916081e-09
1.83608570202e-09
3.54638142703e-05
8.35283986474e-06
0.000103313004029
0.00026708479703
0.00297163898809
0.0285471506952
0.260127353893
0.218392563671
0.00442044492248
0.00067424461698
0.000106660980023
1.99979026886e-05
2.7096150194e-06
1.8583505728e-07
7.1892579243e-09
1.22879206959e-09
1.13504402812e-09
4.11413053871e-10
1.90632883103e-10
3.43229766891e-05
9.08298446855e-06
9.86942298337e-05
0.000229368150805
0.00231894981873
0.0209856222063
0.225461697871
0.318140100194
0.00637504043263
0.000741489385675
0.000134602747593
2.80948082033e-05
4.89558084662e-06
4.62803849213e-07
2.36592550269e-08
7.44723427865e-10
2.29362030399e-10
1.56489246148e-10
4.42477870391e-11
1.6908083597e-11
3.70282322416e-05
1.09802616485e-05
0.00010476209043
0.000212639776817
0.00193150143329
0.013494675899
0.139386236425
0.447349182808
0.0105835105556
0.000822476109753
0.000162811050917
3.66759714812e-05
7.63508650778e-06
9.50592869139e-07
6.42536300024e-08
2.5393613386e-09
6.59841953901e-11
3.53114705426e-11
1.80606262801e-11
4.04840646043e-12
1.29312341078e-12
4.3868093282e-05
1.36389010564e-05
0.000120443570002
0.00022211083705
0.00177265076289
0.0106399162956
0.0727971074784
0.621621336118
0.0202383154266
0.000946628047734
0.000186716513499
4.5462880044e-05
1.08168830102e-05
1.68254564287e-06
1.46816088114e-07
7.38951142282e-09
2.31736159896e-10
5.05026123396e-12
4.51195545138e-12
1.75784591023e-12
3.17851111318e-13
8.58451932047e-14
5.25703101547e-05
1.61530208827e-05
0.000136616573118
0.000248253387142
0.00184849750645
0.00968643546043
0.0608007498876
0.505061451053
0.0375919411803
0.00119460320526
0.000211389003458
5.416517921e-05
1.43195737078e-05
2.67257518924e-06
2.91182244762e-07
1.84759864503e-08
7.13886096796e-10
1.82111619707e-11
3.36197760124e-13
4.81657724094e-13
1.45439176012e-13
2.15609290814e-14
5.01592946789e-15
5.96641118523e-05
1.82780888526e-05
0.000145024589201
0.000266691446859
0.00202324196868
0.0101631728196
0.0566814950522
0.45995046773
0.103697903822
0.00168605387368
0.000245171886782
6.28329220521e-05
1.80634822042e-05
3.91548411739e-06
5.1693024791e-07
4.04872497443e-08
1.92663570815e-09
5.89214227348e-11
1.2428373315e-12
1.98025007202e-14
4.31016028783e-14
1.03065101548e-14
1.27663666559e-15
2.61037775091e-16
6.51585599721e-05
2.04892951708e-05
0.000149785790851
0.000265043584232
0.00205035202454
0.0104858608741
0.0592001638749
0.421509094449
0.15935102679
0.00270847207206
0.000291082019723
7.23754868901e-05
2.2031218012e-05
5.40088539811e-06
8.41662491883e-07
7.95559693605e-08
4.6075670247e-09
1.6990990858e-10
4.20141382472e-12
7.51970875586e-14
1.04553042734e-15
3.26443517718e-15
6.29454749188e-16
6.67175027283e-17
1.23593234367e-17
7.12592100076e-05
2.32987518646e-05
0.000157563667067
0.00025979412292
0.00188944161046
0.00978882880262
0.0557921663695
0.394960086581
0.301850755787
0.00421783925878
0.000349457851465
8.37591730526e-05
2.6177024005e-05
7.1129339309e-06
1.28116356762e-06
1.43033598548e-07
9.92091692958e-09
4.38948907116e-10
1.28477241288e-11
2.65193699965e-13
4.09422804875e-15
5.14077630592e-17
2.08801984099e-16
3.35098211429e-17
3.09625496875e-18
5.39357480117e-19
7.96199057437e-05
2.64767295765e-05
0.000171096134647
0.000263887596848
0.00174982803681
0.00806602091317
0.0453149401358
0.325245012051
0.473795712178
0.00952053362095
0.000439276938728
9.58623487688e-05
3.07676235872e-05
9.04668722877e-06
1.84936323352e-06
2.39440355156e-07
1.95474776315e-08
1.0266501464e-09
3.55538832312e-11
8.56060557009e-13
1.50803860291e-14
2.11629482866e-16
2.41550759642e-18
1.14488398597e-17
1.54636450949e-18
1.29468450588e-19
3.64563964923e-20
8.90060400025e-05
2.94885505656e-05
0.000185837099322
0.000278978611459
0.00171583480334
0.00697618559868
0.0327054630828
0.218019021814
0.718329970056
0.0257144675814
0.000655341865243
0.000111592173203
3.56846032305e-05
1.12281652294e-05
2.56032337646e-06
3.78260130443e-07
3.57884460212e-08
2.20095925011e-09
8.95841494807e-11
2.52073820725e-12
5.12940591026e-14
8.23307912189e-16
1.09699768095e-17
2.75146126301e-19
5.33868333643e-19
6.34245889712e-20
6.43321494371e-21
2.55596778954e-20
9.75616419667e-05
3.21902480437e-05
0.000197854970316
0.000293878393436
0.00176113806824
0.00666932638649
0.0269169133591
0.134659176604
1.00355978159
0.0521858380748
0.00120804731177
0.00013795196314
4.13566645463e-05
1.36488730168e-05
3.42568178893e-06
5.70203085163e-07
6.1627070835e-08
4.37890631158e-09
2.07358824045e-10
6.78823327338e-12
1.59963851398e-13
2.95633312168e-15
4.72950431528e-17
1.84050021793e-18
1.22993555683e-19
2.14692462568e-20
3.54558535615e-21
6.3124293905e-20
0.000105069442209
3.49608079962e-05
0.000207809177478
0.000302892198315
0.00178003212054
0.00666327008591
0.0258570388908
0.111899756974
0.669326048599
0.104021934049
0.00208311883333
0.000184198331887
4.86848334243e-05
1.63553013282e-05
4.45776717419e-06
8.26577325548e-07
1.00847967604e-07
8.17410989057e-09
4.45239006613e-10
1.68209841051e-11
4.57191200501e-13
9.70790201247e-15
1.86178807353e-16
9.82086101914e-18
5.85186068328e-19
1.59696459879e-19
1.36922548628e-21
0.000112967578035
3.82515139146e-05
0.000219268758271
0.000309314426387
0.00175067003226
0.00634550171906
0.0252749617731
0.107997873752
0.577177800236
0.207285124496
0.00436658207892
0.000259291605267
5.88430789974e-05
1.95403151108e-05
5.67753469822e-06
1.16051627585e-06
1.58087518406e-07
1.44541833726e-08
8.95398348509e-10
3.86494610737e-11
1.20232745075e-12
2.91276874053e-14
6.61284188647e-16
4.26999327818e-17
2.44022133327e-18
4.10130152501e-19
0.000122664931012
4.18173621979e-05
0.00023468225576
0.000319580047947
0.00171564423131
0.00582673575298
0.022234376862
0.1008850689
0.532609876887
0.392988714355
0.00950802624142
0.000409626860908
7.24252932724e-05
2.33860885074e-05
7.12258117985e-06
1.5864429609e-06
2.39093511426e-07
2.44070086925e-08
1.70119650755e-09
8.30429509368e-11
2.92808093285e-12
8.01878949597e-14
2.11732141522e-15
1.54960530779e-16
8.65308326926e-18
1.16271032942e-18
0.000133144346745
4.51592480983e-05
0.000251179199966
0.000336434490593
0.001718562673
0.0054074628105
0.0189550994589
0.0789805226937
0.455740023816
0.663397391553
0.0232565677596
0.000658253648418
9.51486293561e-05
2.82971194217e-05
8.85645936198e-06
2.12410190337e-06
3.50799324471e-07
3.96342186642e-08
3.07811669894e-09
1.6818605715e-10
6.65476555838e-12
2.03941434097e-13
6.15761873192e-15
4.79216935334e-16
2.50157432256e-17
3.69542486037e-18
0.00014278111907
4.83055392219e-05
0.000265620088759
0.000354003747242
0.00176366654277
0.00522150453487
0.0168593039703
0.061981020135
0.300296401604
0.994866421691
0.0623261169493
0.00122329909643
0.000130171478201
3.49465159696e-05
1.09799229304e-05
2.79614475673e-06
5.02015994837e-07
6.2250834434e-08
5.34002119779e-09
3.23635245231e-10
1.42260372459e-11
4.83196769373e-13
1.6407106313e-14
1.30607918318e-15
6.21196348135e-17
9.47140973381e-18
0.000151827113265
5.17562030611e-05
0.000279120894593
0.000367936163617
0.00180378312675
0.00518572333601
0.015893060656
0.0539904669353
0.209928896768
1.28812590859
0.112454214124
0.00291229609348
0.000188128984402
4.44573142537e-05
1.36824252202e-05
3.64194394953e-06
7.03370186001e-07
9.50532919138e-08
8.93664500982e-09
5.9561291189e-10
2.88312050993e-11
1.07546716525e-12
4.05094679664e-14
3.18063443262e-15
1.37031163958e-16
2.15793067957e-17
0.000161935927349
5.58167890878e-05
0.000295004078792
0.000381019996279
0.00181985900064
0.00507579746625
0.0153533135593
0.0497489282395
0.182072711738
0.809994157279
0.215085197861
0.00640502856247
0.000310660068408
5.81451039253e-05
1.72276091548e-05
4.70840218296e-06
9.69998982476e-07
1.41662671537e-07
1.44974669889e-08
1.05515136637e-09
5.5779091703e-11
2.26743492868e-12
9.35280374721e-14
7.12208074853e-15
2.76805523249e-16
4.48116074215e-17
0.000173992137354
6.04456046741e-05
0.000314580051234
0.000398189673755
0.00183755995066
0.00488609709458
0.014331722592
0.0465236758959
0.167995598905
0.729312990262
0.375718498302
0.0182191376762
0.000554381162978
8.19498927544e-05
2.20922040198e-05
6.09129729128e-06
1.32031476976e-06
2.0704936787e-07
2.29023584666e-08
1.8080289422e-09
1.03695791624e-10
4.56147803325e-12
2.0404740714e-13
1.48696016076e-14
5.23347621301e-16
8.66476199121e-17
0.000187775297942
6.5469565011e-05
0.000337111550391
0.000420587948164
0.00188301916375
0.00474995886299
0.0131473916971
0.0410461351639
0.147432234424
0.663535398752
0.62059881453
0.0428576761769
0.00119410772521
0.000117519963027
2.92443171739e-05
7.91171112533e-06
1.78571994335e-06
2.97668767424e-07
3.53870751513e-08
3.0120544761e-09
1.86237711523e-10
8.81700869558e-12
4.23531972013e-13
2.92791024301e-14
9.44631879573e-16
1.58448834909e-16
0.000202731662668
7.07186709644e-05
0.000361553490632
0.000446644660391
0.00195517234537
0.00472899677628
0.0123542128889
0.0358181613545
0.122134486925
0.526300323212
0.918773566524
0.0685513885627
0.00241599824988
0.000188460755864
3.97703406888e-05
1.04592542259e-05
2.40898832538e-06
4.23151462407e-07
5.36745389475e-08
4.8983618759e-09
3.24846151873e-10
1.64695556628e-11
8.44077047635e-13
5.52345536346e-14
1.64537342471e-15
2.78180970856e-16
0.000218340345498
7.69256235404e-05
0.000387004365326
0.00047491548425
0.00204181237942
0.0047798866049
0.0119973322303
0.0327373798793
0.100900555238
0.380718561365
1.20339938809
0.130061638784
0.00423661279381
0.000298385307875
5.64553846856e-05
1.40897515488e-05
3.26665809637e-06
5.97026049045e-07
8.02563410811e-08
7.81039555063e-09
5.52752665617e-10
2.98940845524e-11
1.62295360368e-12
1.00470272799e-13
2.80282011432e-15
4.72867629732e-16
0.000236940758719
8.62580913843e-05
0.00041789717958
0.000504284338458
0.00213605142576
0.00485427507574
0.0118100632605
0.0311710476044
0.0898716560406
0.297807035008
1.34610186766
0.227194685418
0.00936885724531
0.000450094803313
8.05166298621e-05
1.95849523572e-05
4.46512459597e-06
8.40250396149e-07
1.18772690943e-07
1.22533892724e-08
9.21798142282e-10
5.29736295607e-11
3.03251225084e-12
1.78474608369e-13
4.68512246754e-15
7.86623225415e-16
0.000265365783526
0.000107444280383
0.000466879857926
0.00054101938124
0.00223374585662
0.00493882072241
0.0116450261711
0.0298962718308
0.0841339166107
0.262921618072
1.01732560604
0.334008256799
0.0250862833399
0.000809569644538
0.000114089262824
2.74378148358e-05
6.21482848665e-06
1.18500100284e-06
1.74493796896e-07
1.89938236428e-08
1.51180003601e-09
9.20616671177e-11
5.53103075829e-12
3.09830783769e-13
7.77029430809e-15
1.28491577847e-15
0.000330596398675
0.000174742902382
0.000581831815551
0.000602556672061
0.00236671083029
0.0050301884949
0.0114956708979
0.0285786785324
0.078468395609
0.242941727399
0.908300197384
0.513136321626
0.0488194351269
0.00180331342184
0.00016678001083
3.84785415926e-05
8.72625356088e-06
1.68595042467e-06
2.55679243499e-07
2.91454004739e-08
2.44777599315e-09
1.57469916809e-10
9.89476431187e-12
5.32767793498e-13
1.27573232209e-14
2.0801084993e-15
0.000539799476235
0.000456136684889
0.00095785117534
0.000751233651229
0.00262094825304
0.00521588447308
0.0113803248764
0.0273396308092
0.0724059050672
0.219762097803
0.801901758511
0.743379303304
0.0870662526914
0.0033460707384
0.000270775977965
5.42042706598e-05
1.23353695728e-05
2.41572255294e-06
3.7504694473e-07
4.44912685798e-08
3.92021474589e-09
2.65968350057e-10
1.74366009019e-11
9.02953116723e-13
2.09949026158e-14
3.33495399245e-15
0.00141969376631
0.000711330728562
0.0025577849848
0.00125016624383
0.00326869308778
0.00573315555196
0.0115337048063
0.0262981464171
0.0669554028093
0.19256366795
0.67755790263
0.95033655188
0.129310075366
0.00663441859226
0.00041138913654
7.78184003348e-05
1.76996665806e-05
3.48899613662e-06
5.5225924362e-07
6.77040951518e-08
6.23657926987e-09
4.44687656051e-10
3.03252393594e-11
1.53256816628e-12
3.43825768541e-14
5.3536277289e-15
0.00219649014409
0.000916354496152
0.00389314860617
0.00340466024949
0.00554956136321
0.00714802246997
0.0126220306337
0.0260786935669
0.0625108261085
0.170799293808
0.552582270122
1.13226971654
0.202637074091
0.0128049913463
0.000634470042752
0.000110718177279
2.55715028156e-05
5.09895397286e-06
8.18303473701e-07
1.03165011512e-07
9.87205396779e-09
7.38103287544e-10
5.23183902807e-11
2.57490345309e-12
5.73231097339e-14
8.57576277311e-15
0.00281600658227
0.00110467432339
0.00494240162069
0.00506987757751
0.015636300904
0.0125616223983
0.0156983880942
0.028557030241
0.0608694582006
0.154601320527
0.463294465182
1.28974491746
0.27809959006
0.0244827017589
0.00112876637048
0.000155431357016
3.64794535127e-05
7.47408613765e-06
1.22389641421e-06
1.57681736099e-07
1.5612258298e-08
1.2191589242e-09
8.9428951698e-11
4.36938023597e-12
9.63158197051e-14
1.39899610889e-14
0.00338547532181
0.00129626488266
0.00590834465845
0.00635690892418
0.0223594939717
0.0370710021756
0.0286418177234
0.0352525913612
0.0669021145518
0.148686356086
0.409920312888
1.38130865875
0.376681442967
0.0471622925686
0.00193866728642
0.000223074618133
5.14745047098e-05
1.09251298311e-05
1.83829943356e-06
2.42607842006e-07
2.47135170743e-08
2.00874073565e-09
1.52659712624e-10
7.3422262533e-12
1.64070244196e-13
2.3089757488e-14
0.00397024450866
0.00155434145654
0.00692167697812
0.00754366686557
0.0274502179256
0.0495646966954
0.0874074681466
0.0670406419296
0.081238681798
0.163288492353
0.390682249629
1.23383858443
0.4466576892
0.0748925861908
0.00392757920291
0.000321293121936
7.13364905007e-05
1.58690323089e-05
2.77322900912e-06
3.74577071906e-07
3.9295104733e-08
3.31098274469e-09
2.58756164668e-10
1.255485505e-11
2.79326174727e-13
3.86936589216e-14
0.00476107624228
0.00188640842959
0.00830062349972
0.00883009450444
0.0321218226455
0.0590732273937
0.109207780482
0.207718110518
0.161251882635
0.195778965418
0.419857308859
1.13005486232
0.554736122601
0.103650675161
0.00729384549294
0.000491493883835
9.90902863927e-05
2.28422854735e-05
4.1789561441e-06
5.82828803284e-07
6.27155514962e-08
5.46906857248e-09
4.41396382706e-10
2.12246595215e-11
4.83268309937e-13
6.51655460457e-14
0.00577358812398
0.00237125202706
0.0100514493063
0.0105843996672
0.0376139938538
0.0677038821968
0.127259747378
0.243336816892
0.497128058466
0.399258807221
0.500612976364
1.18419660127
0.64786787149
0.130656753151
0.0145817871997
0.000781405828663
0.000138232272174
3.26971739108e-05
6.26556628247e-06
9.08173065523e-07
1.00897168136e-07
9.07326946933e-09
7.48410154964e-10
3.68401870591e-11
8.34579324669e-13
1.11497640933e-13
0.0072575074796
0.00355345420013
0.0126315739973
0.0128027953679
0.0449823544059
0.0797820245384
0.144981408332
0.28342645063
0.56402339827
1.2138890509
1.03554968453
1.30754411404
0.653397885229
0.178955750594
0.0214904444666
0.00131353605785
0.000193914342133
4.64562719681e-05
9.32102399291e-06
1.41706548725e-06
1.63130820989e-07
1.51521843485e-08
1.28746090513e-09
6.30608472167e-11
1.47358881286e-12
1.91566029649e-13
0.0108996887451
0.00391781785391
0.0190585042003
0.0160721749972
0.0543997000415
0.0947126073299
0.170231305197
0.322873090429
0.66829927407
1.22082263133
1.04886649765
0.959878432669
0.601947978244
0.186883066434
0.0284745493586
0.00223286861955
0.000264582641108
6.53360321382e-05
1.3882612692e-05
2.21253544472e-06
2.65516822123e-07
2.55060141149e-08
2.20976619351e-09
1.12032234788e-10
2.59161289821e-12
3.35917410266e-13
0.0117043209563
0.00232426027644
0.0193236284452
0.0243995694917
0.0680681106904
0.11478592194
0.203365806461
0.382085384036
0.773517874331
1.05558092641
0.890887766793
0.618915178317
0.430720330026
0.197343246732
0.0337938415476
0.00291142376241
0.000364331972408
8.96838417142e-05
2.04396866522e-05
3.47524288142e-06
4.34660854588e-07
4.33547793154e-08
3.8724809197e-09
1.95628933373e-10
4.70285280264e-12
5.91159337857e-13
0.00694799056084
0.00138094802488
0.0114876147126
0.0228437663992
0.104582294305
0.142412679314
0.246253586328
0.46214941966
0.918747991601
0.933196573726
0.78589732391
0.552878878636
0.257865808025
0.132184110974
0.02915773392
0.00430402342563
0.000478403183758
0.000120654975241
2.98220801979e-05
5.44522300052e-06
7.19614862831e-07
7.46531642082e-08
6.81594073821e-09
3.61049953021e-10
8.46450331316e-12
1.06895972425e-12
0.00412959566917
0.000807543525137
0.00683322545602
0.013607929626
0.0821985779495
0.199763789811
0.301634000874
0.552591952386
0.757632855438
0.785197789493
0.710024116048
0.489857171731
0.229410871514
0.0607455527585
0.0154773538003
0.00329556222104
0.000583436864373
0.000155929559773
4.25246214029e-05
8.55007946716e-06
1.20546034991e-06
1.30975287961e-07
1.23764798017e-08
6.50413364334e-10
1.62243012887e-11
1.9359296424e-12
0.00241402779337
0.000467038500703
0.00399191600084
0.00810412644805
0.0492273808763
0.121085040351
0.251033980116
0.447510326116
0.596812026362
0.652529985334
0.596630607993
0.461193630142
0.22741492041
0.0680472920585
0.0116559489603
0.00210575437421
0.000646487855811
0.000191843650061
5.93715547576e-05
1.3354070412e-05
2.05133823813e-06
2.35835884344e-07
2.29167241896e-08
1.28178601651e-09
3.05841294446e-11
3.70953243716e-12
0.00139683386899
0.000268911785899
0.00231222945752
0.00473142214509
0.0294061258526
0.0735483240344
0.155845308259
0.280029931189
0.444855593477
0.522692544471
0.501015827209
0.387471491858
0.231936001171
0.0820257596803
0.0232976128649
0.00348986958105
0.000786340018633
0.000249506604441
8.01631788092e-05
2.08206338274e-05
3.58357552063e-06
4.39035645371e-07
4.47886586898e-08
2.47059470004e-09
6.27425715789e-11
7.07352682675e-12
0.000804308788478
0.000149115740546
0.00133160178977
0.00274416437553
0.0171583886429
0.0441354652792
0.0966269694295
0.180137930546
0.281545116909
0.398465399295
0.408601405713
0.335448876449
0.210146660619
0.0973851471714
0.0362300450073
0.015044623553
0.00209914304401
0.000409491552007
0.000127832102401
3.29640861096e-05
6.39548162591e-06
8.69569240444e-07
9.24128508574e-08
5.50129748671e-09
1.27766781553e-10
1.4696159061e-11
0.000446103727103
8.12111760199e-05
0.000738955574977
0.00158086781171
0.00998165027698
0.0258196376035
0.0582371300981
0.113300381173
0.186617072505
0.257040421766
0.322056502265
0.28370693673
0.191729435637
0.0982134843691
0.0425395633776
0.0126512077532
0.00114024310277
0.000251597040194
6.64513583355e-05
1.2374152676e-05
1.81287986345e-06
2.14428606144e-07
1.24985186442e-08
3.01325153815e-10
3.03523780804e-11
0.00024318901085
4.29935269062e-05
0.00040367155167
0.000877999389215
0.00575551618874
0.0151233298405
0.0345188680928
0.0697881964003
0.121400254326
0.176045766376
0.209392595478
0.230566053352
0.175661285265
0.0962193730346
0.0454615113846
0.0168587606449
0.000737925367059
0.000160012364057
3.40219781568e-05
4.47532691705e-06
5.52360665131e-07
3.69492966626e-08
7.24857263574e-10
7.33102093638e-11
0.000128753990874
2.13460030624e-05
0.000213732407051
0.000481005529708
0.0032029875176
0.00874110587752
0.0203970330046
0.0420373016124
0.076753157601
0.120056879879
0.157833036066
0.153694776107
0.148133727529
0.099245973454
0.0466808137398
0.0192155527088
0.000544214812289
0.00010330414653
2.06452340094e-05
1.74745859856e-06
1.16769297399e-07
2.435361962e-09
1.78965280128e-10
6.39146023519e-05
9.83525071009e-06
0.000106065779048
0.000254666166508
0.00176563219068
0.00489245561639
0.0118412850794
0.0251595728588
0.0470579157476
0.0779606843676
0.112245112179
0.147604752688
0.105451963712
0.0888913447684
0.0551284170883
0.0217087323536
0.000432916537654
8.29344193138e-05
8.91910282669e-06
6.04531188515e-07
8.52075379138e-09
6.33256127082e-10
2.94497473317e-05
4.42812613039e-06
4.88736237164e-05
0.000126334567947
0.000934326490746
0.00273043566747
0.00670863716514
0.0147280356927
0.0286204012165
0.0485857653838
0.0734621681529
0.0995334364203
0.158907209046
0.0668336886286
0.0533294232318
0.0365822385483
0.000361317791584
5.77923364142e-05
3.50099813205e-06
5.74658661112e-08
2.31695173872e-09
1.32509797747e-05
2.19602850389e-05
5.8212780558e-05
0.000463260076598
0.00144022846682
0.00378350654061
0.0085112932799
0.0170228020116
0.0300767779962
0.0460672345697
0.0628236532483
0.0618219933059
0.0416208569707
0.0351265871003
0.00904467265074
0.000122798525535
2.71368080334e-05
3.98868328694e-07
1.82997482854e-08
2.61072197612e-05
0.000213444355307
0.000713858561629
0.00198652648768
0.00482090821903
0.0100498522529
0.0183124731074
0.0289320600766
0.0389323291235
0.0330699476824
0.0285247452268
0.0185742301731
0.00207374831022
8.88152419739e-05
0.000347202711467
3.81952120938e-06
1.400715398e-07
9.53548289518e-05
0.000328550170476
0.000985842805747
0.00251130585622
0.005667508495
0.0109193455745
0.0179595025975
0.0242894285054
0.0192558171597
0.0211378328762
0.0100765936676
0.000822311741509
9.99242042987e-05
1.65336453879e-05
0.000164767315198
1.75332525266e-06
0.00014564600976
0.000451584014693
0.00124941484271
0.00292406703026
0.00605068726215
0.0105403138995
0.0147310472476
0.010997662508
0.0164308536135
0.005582238245
0.000784053488143
8.93712196586e-05
2.4404347588e-05
5.08797432028e-05
7.85004275055e-05
0.000198868010279
0.000568671796249
0.00145033829053
0.00312218501606
0.00573513878034
0.00834562673449
0.00781314479119
0.00131761256788
0.013033234837
0.00279069814931
0.000323291671926
6.87652387995e-05
2.02537037845e-05
2.97679782357e-05
4.04642580202e-05
0.000249793173801
0.000661458422321
0.00153145367424
0.00300245106566
0.00475330408754
0.00515023644622
0.00286791669638
0.000532163657543
0.0105225051447
0.00133447835485
8.62922014954e-05
5.07549588581e-05
1.44413026933e-05
1.38773120775e-05
2.17126489267e-05
0.000292123901978
0.000708385315981
0.00146423061089
0.00249721050158
0.00329470721807
0.0026700930293
0.000892253750025
0.000209517274219
0.00734752183496
0.00045446237474
1.9456123204e-05
3.6916473021e-05
9.43168236386e-06
6.63876701649e-06
0.000319761319744
0.000695741884881
0.00127592851178
0.00182627320509
0.00192876925089
0.00120911497072
0.000242042532083
8.31821947184e-05
0.00422973739085
0.00381548709066
5.86664683117e-05
2.58561377029e-05
5.98651354452e-06
3.38591394293e-06
0.00032682118915
0.000627458911723
0.00100127572354
0.00118617899146
0.000975785179067
0.000471333682188
6.91378222471e-05
3.2590526607e-05
0.001226647518
0.00164122560843
0.000788638548404
2.14793190145e-05
3.71460136449e-06
1.76868813383e-06
0.000309419892048
0.000517498120733
0.000701447375952
0.000679870490673
0.000417783604791
0.000154436909384
2.51806290217e-05
1.42833364648e-05
0.000174789371693
0.000705077822784
0.000760157031568
0.000220014783827
2.44747679051e-06
9.58307983218e-07
0.000269660280685
0.00038805310521
0.000434599538884
0.000334297999085
0.000151431750354
5.06511147049e-05
1.18051916183e-05
7.99260495976e-06
0.000155311185576
1.11393317415e-05
0.000423748803451
0.000320853463048
7.00551087702e-05
5.00609337814e-07
0.000214755048436
0.000262584320004
0.000236040602466
0.000138140215439
5.22080177475e-05
2.06989848188e-05
8.32364846612e-06
2.75298125212e-05
0.00012319550413
1.17463748925e-05
2.87307497323e-06
0.000222750569996
0.000150832854953
0.000154599462012
0.000158151127779
0.000111558742988
5.15169691091e-05
2.1583508874e-05
1.02566452218e-05
1.53824553451e-05
7.19046966491e-05
9.25168428214e-05
1.05522976581e-05
2.58004136287e-06
0.000128088914496
9.98417731756e-05
8.26832955547e-05
4.64168461247e-05
2.14397207439e-05
1.03330571768e-05
1.04889802041e-05
3.54501795442e-05
7.1117848948e-05
6.4615985464e-05
8.47291018748e-06
2.27903421264e-06
5.72620780265e-05
3.78103234119e-05
1.99590068444e-05
1.01206729911e-05
7.45663582586e-06
1.88527947977e-05
4.03748952277e-05
4.50412457634e-05
6.30026498115e-06
1.69438997678e-06
2.94839927405e-05
1.71293250475e-05
9.51450538216e-06
5.97455820441e-06
1.05008919783e-05
2.3335594521e-05
3.09329173379e-05
4.44432395667e-06
1.22010565984e-06
1.44144844563e-05
8.50619735192e-06
5.09791735209e-06
6.34292020366e-06
1.356875652e-05
2.03744075405e-05
2.94919034044e-06
8.29261263674e-07
7.36791351706e-06
4.50804485936e-06
4.12882918504e-06
8.06182726594e-06
1.24199502509e-05
1.62369342244e-06
5.072869175e-07
3.9085168926e-06
3.01786172564e-06
4.76173742617e-06
7.62582703593e-06
1.06480449679e-06
3.69132456665e-07
2.30050895593e-06
2.97119010285e-06
4.52808098303e-06
7.40186218402e-07
4.23788977584e-07
1.87374951415e-06
2.81711477905e-06
5.08922527898e-07
3.7684736712e-07
1.68630155175e-06
3.43273901109e-07
2.98835857392e-07
2.26771815363e-07
2.15262618797e-07
1.49990248164e-07
)
;

boundaryField
{
    inletfuel
    {
        type            zeroGradient;
    }
    inletair
    {
        type            zeroGradient;
    }
    outlet
    {
        type            zeroGradient;
    }
    leftside
    {
        type            zeroGradient;
    }
    burnerwall
    {
        type            zeroGradient;
    }
    front
    {
        type            wedge;
    }
    back
    {
        type            wedge;
    }
    reacting_to_fluid
    {
        type            zeroGradient;
    }
    reacting_to_solid
    {
        type            zeroGradient;
    }
}


// ************************************************************************* //
