/*--------------------------------*- C++ -*----------------------------------*\
  =========                 |
  \\      /  F ield         | OpenFOAM: The Open Source CFD Toolbox
   \\    /   O peration     | Website:  https://openfoam.org
    \\  /    A nd           | Version:  10
     \\/     M anipulation  |
\*---------------------------------------------------------------------------*/
FoamFile
{
    format      ascii;
    class       volScalarField;
    location    "0.3/reacting";
    object      ed::R_O2;
}
// * * * * * * * * * * * * * * * * * * * * * * * * * * * * * * * * * * * * * //

dimensions      [1 -3 -1 0 0 0 0];

internalField   nonuniform List<scalar> 
1571
(
-1.87512334664e-07
-3.27569721289e-07
-2.77189361761e-05
-7.17323735e-07
-4.966109201e-05
-0.00140024370783
-0.000210053662964
-0.0035675031056
-0.0500187425051
-0.0300434666417
-0.247598808767
-0.437507105071
-9.1912383948
-2.48184656998
-0.671917715758
-49.0358341253
-5.04407361175
-2.36309817586
-0.645386936181
-16.6058168612
-123.217158548
-11.330243077
-1.65772775935
-0.569205444587
-5.92343849605
-30.2078773537
-99.9541252834
-0.0307392077658
-0.286179138719
-1.08846045646
-0.44081032965
-2.09732743388
-7.87363671653
-20.0611697592
-37.0582118711
-0.00039141726347
-0.00218669236817
-0.0269175638916
-0.6387292466
-0.299462181379
-0.836734742265
-2.26958243534
-4.48544133828
-38.9674144465
-3.42618204712
-6.23987652804e-06
-7.52993232097e-05
-0.000933058332651
-0.00343369283609
-0.34934704265
-0.185181277811
-0.350174082357
-0.816619199543
-1.55611802091
-14.5862328674
-4.49718522807
-0.121000536307
-1.9613755383e-06
-5.60915762217e-05
-0.000466130370384
-0.000750235847592
-0.183403428941
-0.105344028338
-0.158591207244
-0.340004653882
-0.867019663866
-7.06675525962
-4.27070923851
-0.476460778601
-0.00528297676779
-2.22779528233e-06
-4.73646380641e-05
-0.000125834289879
-0.000165541534259
-0.0954232761799
-0.0564880839205
-0.0800491039324
-0.161922289079
-0.458992969556
-5.01484866776
-6.30224677576
-0.448852266728
-0.0258636878425
-0.000702763361731
-2.29007438124e-06
-1.59424348957e-05
-3.08977309641e-05
-3.19040992677e-05
-0.0503392843259
-0.0301021335754
-0.048265675705
-0.097633035461
-0.256113607442
-2.25351589154
-10.2481209875
-0.369417379937
-0.0476306179916
-0.00169250179248
-0.000127388694465
-1.0485113328e-06
-4.47868484417e-06
-6.36242041383e-06
-5.18338983415e-06
-0.0292991056573
-0.0177438998712
-0.036346319387
-0.0763171843032
-0.200856724166
-1.18889228204
-14.8796878297
-0.466491425287
-0.0535094181086
-0.00366158575303
-0.000288460846627
-2.01022331409e-05
-3.43661642993e-07
-1.03809074427e-06
-1.09119184568e-06
-7.08704786582e-07
-0.0197246145405
-0.0120496336153
-0.030571357613
-0.0700047755838
-0.192093489509
-1.06529100693
-6.66042945261
-0.785521672975
-0.0485485718824
-0.00578094747636
-0.000496615250314
-5.19053096721e-05
-2.70510744435e-06
-9.15784369944e-08
-1.99077932158e-07
-1.56745075422e-07
-8.19079096662e-08
-0.0152332608705
-0.00958903759204
-0.0261347520642
-0.0615223485996
-0.187140995945
-1.05000759033
-6.38792814125
-2.19768490729
-0.0496807413099
-0.0070654510651
-0.000730303034448
-9.67330528742e-05
-7.67430423442e-06
-3.0986595694e-07
-2.00621421946e-08
-3.17807328757e-08
-1.89691170912e-08
-8.04863233125e-09
-0.0129637706546
-0.00880661836015
-0.0226037270568
-0.0505663030373
-0.155787389018
-0.958396908923
-6.152360662
-3.94077022569
-0.0627181195686
-0.00758409929175
-0.000964845939192
-0.000147389784481
-1.64443630746e-05
-9.36678211984e-07
-3.0308472075e-08
-3.60792563826e-09
-4.20887466876e-09
-1.94030225148e-09
-6.76160198758e-10
-0.0120497695859
-0.00919353798022
-0.0207418169439
-0.0417320173667
-0.116962918407
-0.678635041168
-5.1337122898
-5.49973331976
-0.0869480673676
-0.00801976329729
-0.00117096602356
-0.000199139965627
-2.85735682027e-05
-2.24341992425e-06
-9.59250165877e-08
-2.5403738971e-09
-5.37904061658e-10
-4.66773108829e-10
-1.68851732917e-10
-4.87667984649e-11
-0.0124807839497
-0.0106667724573
-0.0211426162805
-0.0371737356038
-0.0937133713584
-0.420376173298
-3.05444771631
-7.40030194897
-0.138747576066
-0.00855434871488
-0.00136210227173
-0.000250012860806
-4.28573107365e-05
-4.43158410612e-06
-2.50541298693e-07
-8.33063233062e-09
-1.8302930158e-10
-6.66142508254e-11
-4.35889875954e-11
-1.25625021155e-11
-3.0456839821e-12
-0.0141927831388
-0.01271562191
-0.0233371133722
-0.0372986267789
-0.0827077204987
-0.319244404631
-1.53561758976
-9.82066895419
-0.254883767153
-0.00946734668483
-0.00150226641672
-0.000298047783492
-5.83933773184e-05
-7.54366036914e-06
-5.50561883907e-07
-2.33141737007e-08
-6.18194791992e-10
-1.14395659606e-11
-6.88713814304e-12
-3.44987095731e-12
-8.054355215e-13
-1.65712308643e-13
-0.0163247256548
-0.0144532248857
-0.0254131971574
-0.0400377336167
-0.0829167296579
-0.279904946131
-1.23489402996
-7.64511893308
-0.454083631123
-0.0114870703121
-0.00163559686646
-0.000341504666683
-7.43433306218e-05
-1.15238079256e-05
-1.05014246898e-06
-5.60612498248e-08
-1.83151845258e-09
-3.96720094892e-11
-6.2414348182e-13
-5.97847741281e-13
-2.33087218404e-13
-4.47783860528e-14
-7.96069964919e-15
-0.0177836145434
-0.0156968714774
-0.0259001719203
-0.0413065161165
-0.0872318442142
-0.282721158919
-1.10859730533
-6.69929849863
-1.20285799056
-0.0155867854132
-0.00182429195559
-0.000380985592411
-9.01910679034e-05
-1.6236870991e-05
-1.79294146365e-06
-1.18147423788e-07
-4.75371146111e-09
-1.23444176072e-10
-2.21898697033e-12
-3.02253051178e-14
-4.36878317934e-14
-1.35376290475e-14
-2.17986355671e-15
-3.41550917961e-16
-0.0186420582661
-0.0168887424842
-0.0256826610858
-0.0394245985393
-0.0849604910061
-0.280719643669
-1.11469468459
-5.90387874244
-1.77543341163
-0.0240753381813
-0.00208287521595
-0.000422045709167
-0.000105791345541
-2.15393487732e-05
-2.8075207462e-06
-2.23269596598e-07
-1.09334119619e-08
-3.42347313728e-10
-7.21417645195e-12
-1.10383081733e-13
-1.31564770439e-15
-2.71187108243e-15
-6.79761433258e-16
-9.39191296944e-17
-1.33641956616e-17
-0.0195699949964
-0.0184335968267
-0.0259379319512
-0.0371113985705
-0.075241664203
-0.252125986625
-1.01138549985
-5.3191940493
-3.22115080952
-0.0360488686382
-0.00240475607815
-0.000469724944982
-0.000120887621079
-2.72814242102e-05
-4.10998656343e-06
-3.8605192156e-07
-2.26405358374e-08
-8.50575811998e-10
-2.12162361576e-11
-3.74382495667e-13
-4.95479628923e-15
-5.34598422148e-17
-1.42612188567e-16
-2.983433735e-17
-3.60202749857e-18
-4.8299185886e-19
-0.0209900325942
-0.0201085948134
-0.0270416725233
-0.0362003892744
-0.066958087016
-0.199845604473
-0.790808843637
-4.21470799607
-4.82124598472
-0.0782049235259
-0.00290694784525
-0.000517015371872
-0.000136648357409
-3.33701758941e-05
-5.70569905009e-06
-6.215210369e-07
-4.29018924067e-08
-1.9132528423e-09
-5.64650891113e-11
-1.16227168443e-12
-1.75516144796e-14
-2.1165375377e-16
-2.08028266952e-18
-6.44667512315e-18
-1.13776400497e-18
-1.24735259459e-19
-2.70872132877e-20
-0.0225258309684
-0.0215013870752
-0.028200589023
-0.0367512507166
-0.0630846914833
-0.166227672498
-0.549416192824
-2.71900396228
-6.98388998218
-0.20289363177
-0.0041702804671
-0.000578803882178
-0.000152419381602
-3.98316392902e-05
-7.59682746694e-06
-9.44278033281e-07
-7.55404207201e-08
-3.94468866046e-09
-1.36828002932e-10
-3.29140824043e-12
-5.74146230307e-14
-7.91886485827e-16
-9.08595310906e-18
-1.96609649447e-19
-2.48430260791e-19
-3.86467478619e-20
-5.14257739967e-21
-8.32981502479e-20
-0.0237061477157
-0.0225367136151
-0.0288300485179
-0.0371776288637
-0.062207428645
-0.152804416696
-0.43516902347
-1.61622044444
-9.31558478251
-0.395603052598
-0.00739206416848
-0.000688118413489
-0.000169884387735
-4.65657406926e-05
-9.7754161272e-06
-1.36895669056e-06
-1.25100463142e-07
-7.54774496574e-09
-3.04591072807e-10
-8.52435648396e-12
-1.72198014433e-13
-2.734669512e-15
-3.76730901493e-17
-1.26481829163e-18
-3.85490114534e-19
-8.2737445468e-21
-1.79254771291e-21
-2.01597341423e-19
-0.0245149877904
-0.0235045943334
-0.0290789629446
-0.0367995215525
-0.060402718378
-0.1467644106
-0.402202387273
-1.29250011064
-5.95330014389
-0.756407706486
-0.0122571257227
-0.000883610221572
-0.00019233067787
-5.36634577436e-05
-1.22336586269e-05
-1.90851011574e-06
-1.96881710368e-07
-1.35501114904e-08
-6.28982682326e-10
-2.03145441464e-11
-4.73320143444e-13
-8.63629962809e-15
-1.42625342116e-16
-6.49071686948e-18
-1.7639073614e-18
-4.9049486654e-19
-4.37812115655e-22
-0.0253122211952
-0.0246986529068
-0.0294677008074
-0.036093199649
-0.0570707112794
-0.134347596542
-0.378151114272
-1.20034152089
-4.93542914996
-1.44502150014
-0.0246996724162
-0.00119619056274
-0.000223562151834
-6.16597096842e-05
-1.49847509072e-05
-2.57699178539e-06
-2.96815543523e-07
-2.30434122537e-08
-1.21650137714e-09
-4.48900363534e-11
-1.1971008043e-12
-2.49206381545e-14
-4.87197925906e-16
-2.71407051405e-17
-7.07394843405e-18
-1.21146748257e-18
-0.0263975263725
-0.0259347980464
-0.0302931050653
-0.0358183034595
-0.0537307896381
-0.118573607576
-0.319941195919
-1.07884079641
-4.38062360515
-2.62179094846
-0.0517012253708
-0.0018172681604
-0.000264629810849
-7.09704525314e-05
-1.80791403407e-05
-3.38795073792e-06
-4.31725479179e-07
-3.7421278352e-08
-2.2228063627e-09
-9.27598677512e-11
-2.80376667758e-12
-6.59800745941e-14
-1.50021988759e-15
-9.47252732168e-17
-2.41242827144e-17
-3.30302953651e-18
-0.0275218548701
-0.0269043225902
-0.0311445377002
-0.0362206801161
-0.0517077816422
-0.105761907729
-0.262284281837
-0.812657861843
-3.60659081794
-4.21960750352
-0.121548273457
-0.00280830317871
-0.000334345448236
-8.25869521427e-05
-2.16197750373e-05
-4.36253349535e-06
-6.09185382198e-07
-5.84420173441e-08
-3.86796970297e-09
-1.80675044162e-10
-6.1283334276e-12
-1.61383931691e-13
-4.19596403995e-15
-2.8172654183e-16
-6.70730078802e-17
-1.00961584086e-17
-0.0283519888195
-0.0276479809023
-0.0316399243473
-0.0366124469588
-0.0509818519514
-0.098148257073
-0.224306268174
-0.613462759442
-2.28636124644
-6.03862132536
-0.312782714277
-0.00501878655187
-0.000439896694054
-9.80894894054e-05
-2.57774991306e-05
-5.52298528375e-06
-8.3841513158e-07
-8.82776797821e-08
-6.4534477515e-09
-3.34360392311e-10
-1.2599241488e-11
-3.67730521108e-13
-1.07523102682e-14
-7.38441249196e-16
-1.6018214618e-16
-2.48861234373e-17
-0.0289641065558
-0.0284611011054
-0.031943300113
-0.0365590251948
-0.0500971130768
-0.0936784767696
-0.203292737924
-0.513975943141
-1.5372822201
-7.4551466171
-0.541652799914
-0.0114882608889
-0.000611411649216
-0.000120007938656
-3.08926441517e-05
-6.91828192893e-06
-1.12973435466e-06
-1.29635434052e-07
-1.03866179789e-08
-5.91798626087e-10
-2.45569308958e-11
-7.87143010795e-13
-2.55315491535e-14
-1.72946201874e-15
-3.39825055643e-16
-5.45294302231e-17
-0.0296812689579
-0.029492439638
-0.0324381477711
-0.0363749904159
-0.0485647263769
-0.0881210726061
-0.188802285238
-0.455473391541
-1.28259750165
-4.4987579747
-0.991060156232
-0.0242923268278
-0.000970948451022
-0.000150948306727
-3.74082292841e-05
-8.60179966918e-06
-1.49835417755e-06
-1.85807320777e-07
-1.62047603109e-08
-1.00826675651e-09
-4.56913052851e-11
-1.59603405655e-12
-5.66908908317e-14
-3.72438867039e-15
-6.60178892147e-16
-1.08901743504e-16
-0.0306429187052
-0.0306901344419
-0.0332376713553
-0.0365260064708
-0.0471195343272
-0.0815250011481
-0.169425625326
-0.409624320038
-1.13841703326
-3.89662884294
-1.65423783879
-0.0663986896692
-0.00166629372032
-0.000204602127208
-4.61350815723e-05
-1.07022786148e-05
-1.96142409417e-06
-2.61175318705e-07
-2.46196299698e-08
-1.66156330407e-09
-8.16909773361e-11
-3.08790367193e-12
-1.1894696738e-13
-7.4782205309e-15
-1.20040548061e-15
-2.02512476966e-16
-0.0317783393902
-0.0319447561906
-0.0342274042685
-0.0370727015056
-0.0463988282327
-0.0761685282094
-0.149412029524
-0.34752384678
-0.961058866268
-3.41069363738
-2.61350355906
-0.150049327457
-0.00345132012217
-0.000282175888005
-5.87332012791e-05
-1.33686503218e-05
-2.5512803143e-06
-3.61112332406e-07
-3.65844736969e-08
-2.66210490983e-09
-1.41101430951e-10
-5.74024274758e-12
-2.37442976677e-13
-1.41614436089e-14
-2.08377654188e-15
-3.56151709981e-16
-0.0329718750168
-0.033162592137
-0.0352784324961
-0.0378331393947
-0.0462969801458
-0.0728812142871
-0.134962061945
-0.291596886907
-0.765743034484
-2.60242535216
-3.69280175204
-0.230625028201
-0.00671473285545
-0.000435180089507
-7.68158652135e-05
-1.69968530398e-05
-3.31001786278e-06
-4.93691586147e-07
-5.33668163559e-08
-4.16355244863e-09
-2.36696778955e-10
-1.03119714725e-11
-4.55099178105e-13
-2.56928008488e-14
-3.49063031003e-15
-6.01345736459e-16
-0.0341281707969
-0.0346715092094
-0.0362923748292
-0.0386609615249
-0.0464646086732
-0.0708008343652
-0.125986397859
-0.256252280849
-0.608391635661
-1.81045621754
-4.61790802372
-0.419877077889
-0.011322563672
-0.000662622431517
-0.000104868519608
-2.20202160517e-05
-4.31668267185e-06
-6.6989076075e-07
-7.67420081668e-08
-6.3846490952e-09
-3.87343521578e-10
-1.80009700149e-11
-8.41551880944e-13
-4.49457895516e-14
-5.71854353218e-15
-9.83076319545e-16
-0.0355965756518
-0.0373679507921
-0.0376671633135
-0.0394550542786
-0.0467181315535
-0.0691091453305
-0.119217061037
-0.234586520898
-0.521109907336
-1.3618693118
-4.94813413612
-0.701149658146
-0.0240718547203
-0.000961244140263
-0.000143838143982
-2.94368275845e-05
-5.67454139159e-06
-9.06713862721e-07
-1.09224792318e-07
-9.6332108136e-09
-6.21229556632e-10
-3.06775879666e-11
-1.51226598256e-12
-7.6785408371e-14
-9.19309992924e-15
-1.57277010224e-15
-0.038318868804
-0.0447403186907
-0.0404484031921
-0.0406855476129
-0.0469565303969
-0.067584013053
-0.113000878992
-0.216319380556
-0.469125310616
-1.15638304788
-3.59393325273
-0.984612346658
-0.0619185656414
-0.00166268228675
-0.000196011511884
-3.9661431072e-05
-7.59586196748e-06
-1.22979030004e-06
-1.54324703053e-07
-1.43607811399e-08
-9.79854208406e-10
-5.12732852637e-11
-2.65266570781e-12
-1.28196938671e-13
-1.46632192538e-14
-2.4707225024e-15
-0.0458863305621
-0.069938395529
-0.0484522096521
-0.043554475307
-0.0478212902232
-0.066165087248
-0.107235507836
-0.198813899548
-0.420742786354
-1.02768911625
-3.08620305917
-1.44545382003
-0.115767166867
-0.00356126863351
-0.000275565587121
-5.34918461463e-05
-1.02571449398e-05
-1.68270489885e-06
-2.17471203958e-07
-2.11927110033e-08
-1.52577189229e-09
-8.4345270873e-11
-4.56386440433e-12
-2.12002938968e-13
-2.31527320234e-14
-3.84668057686e-15
-0.0720141411221
-0.175444508899
-0.0766679371258
-0.0521955046841
-0.0509040822286
-0.065949887456
-0.102053552146
-0.182859930955
-0.373327873096
-0.894097802753
-2.62075338991
-2.00122908038
-0.198277194577
-0.006354277746
-0.000430258666931
-7.24688659516e-05
-1.39444530695e-05
-2.31878793622e-06
-3.0679108825e-07
-3.11130156212e-08
-2.35005823329e-09
-1.37007368783e-10
-7.73463697205e-12
-3.45557200693e-13
-3.66443798422e-14
-5.93117597104e-15
-0.182014773448
-0.262965345473
-0.196744293646
-0.0834881283676
-0.0610237345196
-0.0696817872715
-0.0994304231717
-0.169110436207
-0.331954656339
-0.753441677353
-2.12966559034
-2.44749906185
-0.282390434011
-0.0121142104228
-0.000628658375342
-0.00010005732038
-1.92426467662e-05
-3.22081109966e-06
-4.34461133942e-07
-4.55337144922e-08
-3.59555586477e-09
-2.20302724649e-10
-1.29369878771e-11
-5.64060090147e-13
-5.77142103842e-14
-9.15693129983e-15
-0.270660415176
-0.325618298721
-0.287823023426
-0.218497933187
-0.0995819935164
-0.0835134012162
-0.104603709906
-0.161230835647
-0.297999671411
-0.642654271591
-1.67021687159
-2.79604165828
-0.424017345045
-0.0224746617699
-0.000932414515212
-0.000136909799371
-2.67366147634e-05
-4.52685527378e-06
-6.19117597818e-07
-6.67269696569e-08
-5.47366155278e-09
-3.51667926468e-10
-2.14651602387e-11
-9.1141746658e-13
-9.25390212514e-14
-1.41066980229e-14
-0.333540657289
-0.37732296279
-0.35122469497
-0.312724381145
-0.269625792057
-0.141062193723
-0.12506476828
-0.169736229017
-0.279008952981
-0.559384518743
-1.34655472835
-3.05767617889
-0.556064857367
-0.0413026525604
-0.00159519306328
-0.000184842274304
-3.66816531452e-05
-6.38152375886e-06
-8.90541643336e-07
-9.80846813203e-08
-8.32505238129e-09
-5.58633235131e-10
-3.5286511653e-11
-1.48739755503e-12
-1.49535258914e-13
-2.21319632191e-14
-0.385451541834
-0.425617202353
-0.403599626407
-0.3769090774
-0.370586341561
-0.400027015778
-0.219317031387
-0.201435105296
-0.294841906139
-0.517324871813
-1.14574338054
-3.14661631098
-0.719295947201
-0.0764168029485
-0.00263468805773
-0.000255126325776
-4.97785805574e-05
-8.97105752681e-06
-1.2864018077e-06
-1.45136101505e-07
-1.26737934973e-08
-8.85199499597e-10
-5.79303102749e-11
-2.40373070455e-12
-2.44977742571e-13
-3.51296340665e-14
-0.43452546857
-0.490605021694
-0.45451395213
-0.42994725725
-0.437328071179
-0.514097020256
-0.643134001119
-0.368192697813
-0.344206552996
-0.546273161361
-1.05010531881
-2.70249148151
-0.814505062415
-0.11650522443
-0.0051324975025
-0.000353387495979
-6.63454623148e-05
-1.25319326724e-05
-1.86636652369e-06
-2.15507619157e-07
-1.93803379684e-08
-1.40321757615e-09
-9.4432816513e-11
-3.9529432054e-12
-4.01106092227e-13
-5.6616741862e-14
-0.500916003071
-0.572397279288
-0.523976689897
-0.483786113033
-0.491941360619
-0.588999461954
-0.772416086412
-1.0962469304
-0.656687796699
-0.629734036346
-1.08520098616
-2.38009338839
-0.969937152325
-0.154494985136
-0.00916363825203
-0.000519885062039
-8.86298603701e-05
-1.73483312916e-05
-2.70476654128e-06
-3.22487785737e-07
-2.97473966226e-08
-2.2291140546e-09
-1.54921549891e-10
-6.42688348337e-12
-6.67400859886e-13
-9.17009703729e-14
-0.583960450339
-0.691709515483
-0.60997417894
-0.557473961429
-0.5537680337
-0.648949043614
-0.865304694421
-1.23460646474
-1.94591231098
-1.23441487379
-1.24419768203
-2.39861937223
-1.08598688953
-0.186750797739
-0.0176102084079
-0.000794856214793
-0.000118906822734
-2.38824510028e-05
-3.90007619009e-06
-4.83272062532e-07
-4.6026030222e-08
-3.55658796917e-09
-2.52623388785e-10
-1.07283354149e-11
-1.1084519826e-12
-1.50894145023e-13
-0.705685774427
-0.996512505186
-0.736937863043
-0.648261430689
-0.636651655629
-0.735174247346
-0.94775670044
-1.38257697007
-2.12275627015
-3.61038375447
-2.47430472895
-2.54712224325
-1.05280727692
-0.245002620281
-0.024942862967
-0.00128492898903
-0.000160417539753
-3.26334740545e-05
-5.57990935037e-06
-7.25210054086e-07
-7.15667642381e-08
-5.71210012472e-09
-4.17944639517e-10
-1.76612378037e-11
-1.8822460589e-12
-2.49330853748e-13
-1.01888922278
-1.0566011941
-1.06895152276
-0.782378136028
-0.74021315999
-0.839068149496
-1.06990541039
-1.51438585046
-2.41887269285
-3.49228548734
-2.41725760751
-1.79933484397
-0.933103800928
-0.244392547656
-0.0317640315824
-0.00210037511962
-0.000210498605212
-4.41388646654e-05
-7.99255172425e-06
-1.08896754574e-06
-1.12025843343e-07
-9.24727949228e-09
-6.89893182204e-10
-3.0175547312e-11
-3.18361857332e-12
-4.20475653355e-13
-1.05220753871
-0.603220350719
-1.04235738392
-1.14190523691
-0.890458682176
-0.977723905347
-1.2289479398
-1.72327313616
-2.69243544244
-2.90549558264
-1.97691170646
-1.12715081213
-0.643988078525
-0.248343837763
-0.0361761901523
-0.00263360641529
-0.000278756904211
-5.82683014134e-05
-1.13172014064e-05
-1.64498018836e-06
-1.76371142207e-07
-1.51167762525e-08
-1.16272132273e-09
-5.06752689164e-11
-5.55601101231e-12
-7.11645501194e-13
-0.601091348534
-0.344947841202
-0.596330314697
-1.02824733785
-1.31540202286
-1.16630864278
-1.4309840216
-2.00445748095
-3.07581751627
-2.47087191167
-1.67862605421
-0.971259381984
-0.377896836277
-0.160791621092
-0.0300213965358
-0.00374294724805
-0.000352017406883
-7.53896794646e-05
-1.58801041154e-05
-2.47880264964e-06
-2.80819936894e-07
-2.5033481165e-08
-1.96817164914e-09
-8.99458405003e-11
-9.61731864882e-12
-1.23757437571e-12
-0.343852115772
-0.194143158196
-0.341398511264
-0.589458508489
-0.99448372432
-1.5731751786
-1.68543467584
-2.30510992018
-2.43983246838
-2.00036900593
-1.45871121384
-0.827556092275
-0.323868047943
-0.071911899967
-0.0153441579381
-0.00275632159508
-0.000412843722009
-9.37008423839e-05
-2.17774106221e-05
-3.74323608626e-06
-4.52409332595e-07
-4.22389585106e-08
-3.43704425656e-09
-1.55831074117e-10
-1.77283918194e-11
-2.15551151758e-12
-0.193457144197
-0.108056109221
-0.19195165526
-0.33786340874
-0.573157017775
-0.917439811769
-1.34920627048
-1.79530834635
-1.8489062546
-1.59918476894
-1.17942339481
-0.748572697916
-0.308503999417
-0.0774492387533
-0.0111384195001
-0.00169389715517
-0.000439943246768
-0.000110868089636
-2.9241140663e-05
-5.62265544137e-06
-7.4040051482e-07
-7.31449837307e-08
-6.12056251465e-09
-2.95345903576e-10
-3.21403258044e-11
-3.97219683055e-12
-0.107727458368
-0.0598726295954
-0.106998484407
-0.189843634671
-0.329509298568
-0.536276068221
-0.806020667047
-1.08090132226
-1.3254749691
-1.23229143036
-0.952509534333
-0.60461192276
-0.301782357406
-0.0897000195638
-0.0214036677772
-0.00270073059428
-0.000514599009906
-0.000138671413881
-3.79699755043e-05
-8.4308703824e-06
-1.2439324585e-06
-1.30955954555e-07
-1.15042331844e-08
-5.47479348781e-10
-6.34113905343e-11
-7.28447744735e-12
-0.0596932323548
-0.0319445862946
-0.0592978577199
-0.105961142445
-0.185039361406
-0.309701477955
-0.480910114775
-0.669175173598
-0.807295049646
-0.90339249931
-0.747004412369
-0.502915555298
-0.26244872592
-0.102193792031
-0.0319932722313
-0.0111955958789
-0.00132125687579
-0.000218865676291
-5.82308951594e-05
-1.28371916871e-05
-2.13503146815e-06
-2.49448246755e-07
-2.28282593381e-08
-1.17241719064e-09
-1.24186311525e-10
-1.45551621872e-11
-0.0318561296468
-0.0167432010022
-0.0316618988214
-0.0587416637189
-0.103588853204
-0.174356711572
-0.27891427396
-0.404992257336
-0.514990098963
-0.560896188266
-0.565902280862
-0.408600159593
-0.229771435114
-0.0988863803177
-0.0360875162552
-0.00905226790353
-0.000586117038683
-0.0001102193028
-2.4887579645e-05
-3.97280503454e-06
-5.00145209148e-07
-5.09417629074e-08
-2.56168899789e-09
-2.81670892181e-10
-2.89105755851e-11
-0.0167128384945
-0.00853024000186
-0.0166454806786
-0.0313904596781
-0.0574778672334
-0.0982742240779
-0.159083741693
-0.240024011623
-0.322318382908
-0.369663137192
-0.354205968108
-0.318675355966
-0.201889610814
-0.0929820352428
-0.0370256974341
-0.0115971900279
-0.000310887429477
-5.76338236907e-05
-1.05048971325e-05
-1.18741536473e-06
-1.26201581921e-07
-7.28324375926e-09
-6.51643232567e-10
-6.71551435362e-11
-0.00851536531993
-0.00407869370914
-0.00848157895913
-0.0165502210513
-0.0307766748029
-0.0546570198787
-0.0904508120193
-0.139111082732
-0.196045123671
-0.242483304346
-0.256772065901
-0.204480985206
-0.163049700959
-0.0918748948927
-0.036514625041
-0.0127021452921
-0.000188507348565
-3.06759527392e-05
-5.26803164108e-06
-3.83972189059e-07
-2.21359493647e-08
-2.10557988386e-09
-1.57664681025e-10
-0.00407088581299
-0.00180896412896
-0.00405347621773
-0.00843268044759
-0.016327462063
-0.0294341266847
-0.0505249066729
-0.0801070087956
-0.115635198448
-0.151453551659
-0.17558262475
-0.188735646367
-0.111607457777
-0.0786934964219
-0.0413343115288
-0.0137925481864
-0.000123629224977
-2.03522597169e-05
-1.88479813082e-06
-1.10214569183e-07
-7.08495408401e-09
-5.36532261965e-10
-0.00180555408899
-0.000785351091419
-0.00179790714435
-0.00402867528656
-0.00831502177248
-0.0158093224426
-0.0275409865353
-0.0451169245558
-0.067659550635
-0.090789984333
-0.110502270082
-0.122295428539
-0.161635409075
-0.0567340167724
-0.038235771354
-0.02231248449
-8.52717663728e-05
-1.17453015253e-05
-6.13851053771e-07
-4.59536270099e-08
-1.887922854e-09
-0.000783386132721
-0.000778984420734
-0.00178689571104
-0.00397040193141
-0.00802547243794
-0.0149488151915
-0.0250856432171
-0.038714372299
-0.0540634554725
-0.066639689282
-0.0742081348757
-0.0604120877135
-0.028513636588
-0.0205107819034
-0.00448591737932
-2.40011754562e-05
-4.57594304922e-06
-3.06754000429e-07
-1.43404635096e-08
-0.000772748707514
-0.00176090570297
-0.00383084453506
-0.00755403314059
-0.0136754732909
-0.0219909119526
-0.0316642871165
-0.0402538308386
-0.0442109728285
-0.0310632011175
-0.0158637218525
-0.00884348501691
-0.00083981392029
-1.44031786018e-05
-6.52632512336e-05
-2.82501286427e-06
-1.05564721225e-07
-0.000758556351792
-0.00169718419925
-0.00361021588783
-0.00685644483573
-0.0119365849644
-0.0181673243525
-0.0240359670308
-0.0265301210727
-0.0173800549912
-0.00959132654465
-0.00392073799365
-0.000272920003338
-1.55844637254e-05
-1.17606212374e-05
-2.97851380711e-05
-1.27081470695e-06
-0.000725457278609
-0.00159189358409
-0.00328507348902
-0.00592747710285
-0.0096897780527
-0.0135748531377
-0.015477700625
-0.00955574002012
-0.0061028163461
-0.00178019902208
-0.000213974414851
-1.34050523543e-05
-1.66947329686e-05
-3.54662409015e-05
-1.36472977192e-05
-0.000675946930821
-0.00143931694012
-0.00283131600662
-0.00481242506032
-0.00710910081906
-0.00843806966382
-0.00652384158125
-0.000921701499254
-0.00397231913316
-0.000731725411678
-7.28050756882e-05
-9.91950535611e-06
-1.33249964631e-05
-1.99558551654e-05
-6.76535720747e-06
-0.00060957118074
-0.00124303587215
-0.00227319072491
-0.0035820887479
-0.00462452464899
-0.0041348516705
-0.00192152561552
-0.000301034039482
-0.00263723039457
-0.000288900535764
-1.6092016725e-05
-7.04124374698e-06
-9.13733580485e-06
-8.94699004224e-06
-3.49124393175e-06
-0.000529252336622
-0.00101220249058
-0.00168215556146
-0.00233820511237
-0.00254424305591
-0.00171791661822
-0.000483057675907
-9.62140283583e-05
-0.00151952432647
-8.14985557459e-05
-3.00856499181e-06
-4.92539447166e-06
-5.73921973514e-06
-4.11632555589e-06
-0.000440444897063
-0.000769432312571
-0.00115025886996
-0.00135699270456
-0.00119318538661
-0.00062822715857
-0.000106496118484
-3.11243574746e-05
-0.000725467960238
-0.000759751148058
-8.72388992946e-06
-3.31767873845e-06
-3.50338679759e-06
-2.01905811347e-06
-0.000348371694197
-0.000544515903624
-0.000716211461234
-0.000705889093284
-0.000487349684013
-0.000199094641012
-2.48444301798e-05
-9.97326145075e-06
-0.000175139972295
-0.000271090695295
-0.000151137116564
-2.65056933571e-06
-2.09062814885e-06
-1.0143195677e-06
-0.000258771555006
-0.000356308409306
-0.000401760919624
-0.000326571832066
-0.00016961027886
-5.33337784258e-05
-7.41432652019e-06
-3.58725109159e-06
-2.07389824241e-05
-9.68165992338e-05
-0.000120766018742
-4.06107811184e-05
-1.32474887971e-06
-5.28541621436e-07
-0.00017889395812
-0.000213916635115
-0.00020086813929
-0.00013049117191
-5.02597334751e-05
-1.43485975963e-05
-2.85513600117e-06
-1.65316821326e-06
-1.77216097608e-05
-5.79842682073e-06
-5.59402275014e-05
-4.90598098572e-05
-1.24439376669e-05
-2.65536164448e-07
-0.000114039299889
-0.000116785408589
-8.86265867634e-05
-4.40725011321e-05
-1.42181685249e-05
-4.81932780085e-06
-1.65758587319e-06
-4.70414427618e-06
-1.35169168267e-05
-5.88027664814e-06
-1.46561325106e-06
-2.8282930561e-05
-2.21856063187e-05
-6.62132870768e-05
-5.71255819944e-05
-3.42214914943e-05
-1.34879813466e-05
-4.83301296974e-06
-1.9666269477e-06
-2.5293376129e-06
-1.0175223769e-05
-9.76189718028e-06
-5.08006875076e-06
-1.2657478867e-06
-1.56396052358e-05
-3.47122870992e-05
-2.43930339541e-05
-1.16822479623e-05
-4.61681286938e-06
-1.90607644904e-06
-1.66014151234e-06
-4.82627891809e-06
-8.35130513453e-06
-6.55621442069e-06
-3.92279751044e-06
-1.0752623078e-06
-1.62502972681e-05
-9.15043299905e-06
-4.13224584886e-06
-1.79583977248e-06
-1.13550133849e-06
-2.46955620604e-06
-4.56000535505e-06
-4.39489416847e-06
-2.80511519564e-06
-7.68814257636e-07
-6.86010607893e-06
-3.41016049038e-06
-1.62352528718e-06
-8.75307744057e-07
-1.32316202977e-06
-2.53503977987e-06
-2.90259685122e-06
-1.90296682324e-06
-5.32410474508e-07
-2.75852541853e-06
-1.39583442568e-06
-7.1831513179e-07
-7.68847732948e-07
-1.4176740474e-06
-1.8386362018e-06
-1.21439784976e-06
-3.47998254315e-07
-1.16236596705e-06
-6.10902231808e-07
-4.81341282693e-07
-8.10143678556e-07
-1.07787152878e-06
-6.42990955319e-07
-2.04729629904e-07
-5.09295495693e-07
-3.38377259954e-07
-4.60199980334e-07
-6.36468976713e-07
-4.05504031943e-07
-1.43263871068e-07
-2.48050423023e-07
-2.76164648202e-07
-3.63440003911e-07
-2.71078744661e-07
-1.58168896078e-07
-1.67484855336e-07
-2.17450329567e-07
-1.79231187735e-07
-1.35259341659e-07
-1.25168718428e-07
-1.16260159728e-07
-1.03143485925e-07
-7.38534738906e-08
-7.14504232023e-08
-4.78728313568e-08
)
;

boundaryField
{
    inletfuel
    {
        type            calculated;
        value           uniform 0;
    }
    inletair
    {
        type            calculated;
        value           uniform 0;
    }
    outlet
    {
        type            calculated;
        value           uniform 0;
    }
    leftside
    {
        type            calculated;
        value           uniform 0;
    }
    burnerwall
    {
        type            calculated;
        value           uniform 0;
    }
    front
    {
        type            wedge;
    }
    back
    {
        type            wedge;
    }
    reacting_to_fluid
    {
        type            calculated;
        value           uniform 0;
    }
    reacting_to_solid
    {
        type            calculated;
        value           uniform 0;
    }
}


// ************************************************************************* //
