/*--------------------------------*- C++ -*----------------------------------*\
  =========                 |
  \\      /  F ield         | OpenFOAM: The Open Source CFD Toolbox
   \\    /   O peration     | Website:  https://openfoam.org
    \\  /    A nd           | Version:  10
     \\/     M anipulation  |
\*---------------------------------------------------------------------------*/
FoamFile
{
    format      ascii;
    class       volScalarField;
    location    "0.3/reacting";
    object      ed::R_H2O;
}
// * * * * * * * * * * * * * * * * * * * * * * * * * * * * * * * * * * * * * //

dimensions      [1 -3 -1 0 0 0 0];

internalField   nonuniform List<scalar> 
1571
(
2.11140366561e-07
3.68846087651e-07
3.1211740579e-05
8.07712178626e-07
5.59187809676e-05
0.00157668544992
0.000236522079868
0.00401703661134
0.0563214982436
0.0338291802022
0.278798209925
0.492636448173
10.349406866
2.7945787965
0.756584643128
55.2147356619
5.67966663768
2.66086716889
0.726710776243
18.6982806512
138.743491562
12.757942995
1.86661452109
0.640929816345
6.66983842742
34.0143079596
112.549132778
0.0346125901909
0.322239965491
1.22561505181
0.496355905082
2.36160721896
8.86577699261
22.589035245
41.7278386116
0.000440738923311
0.00246223283924
0.0303093890713
0.719214165307
0.337196776205
0.942169913849
2.5555677081
5.05064229534
43.8776157574
3.85790798579
7.02615014519e-06
8.47876313457e-05
0.00105063103572
0.00386636519336
0.393367523125
0.208515578174
0.394298776352
0.919519654219
1.75220115485
16.4242131585
5.06386600779
0.136247557451
2.20852431314e-06
6.31595568668e-05
0.000524866470487
0.000844771476775
0.206513706336
0.118618206094
0.178574949167
0.382847919747
0.976270974238
7.95722211333
4.80885225876
0.53649859155
0.0059486734741
2.50851504449e-06
5.33329557269e-05
0.000141690402066
0.00018640107216
0.107447360981
0.0636060276603
0.0901359218711
0.182325773565
0.516829700908
5.64675912043
7.09637953564
0.505411189607
0.0291227163347
0.000791317083579
2.57864180067e-06
1.79513073302e-05
3.47910885614e-05
3.59242672022e-05
0.0566824308599
0.0338952396319
0.0543475312114
0.109935567346
0.288385940335
2.53747665316
11.5394649944
0.415966881078
0.0536324512213
0.00190577035643
0.00014344067388
1.18063202373e-06
5.04303442973e-06
7.16413552633e-06
5.83653780201e-06
0.0329910238676
0.0199797710894
0.0409262420643
0.0859337509585
0.226166254303
1.33870207888
16.7546457586
0.525273021154
0.0602520264822
0.00412297441379
0.000324809186576
2.26352729364e-05
3.86965718306e-07
1.16889835894e-06
1.22869061759e-06
7.98007174784e-07
0.0222100714164
0.0135679824104
0.0344235895961
0.0788259289943
0.216298783019
1.19952606904
7.49969605251
0.884503594233
0.0546660745365
0.00650939241632
0.000559192685531
5.84457877412e-05
3.04597230049e-06
1.03118041758e-07
2.24163320484e-07
1.76496190186e-07
9.22289517761e-08
0.017152771789
0.010797331897
0.0294279367845
0.0692746493626
0.210722236237
1.18231682151
7.19285742841
2.47461052491
0.0559409062341
0.00795575358002
0.00082232697209
0.000108922179861
8.64132704688e-06
3.48911509476e-07
2.25901302149e-08
3.57853556726e-08
2.13593753347e-08
9.06282343387e-09
0.0145973079207
0.00991632167588
0.0254519747992
0.0569380557181
0.175417827749
1.07916247229
6.92760659035
4.43733833017
0.0706210968971
0.00853975557055
0.0010864241312
0.000165962058861
1.85164824152e-05
1.05470704838e-06
3.41275784085e-08
4.06255270167e-09
4.73922604592e-09
2.18479562611e-09
7.61361712419e-10
0.0135681355144
0.0103519962173
0.023355449339
0.0469905804326
0.131701167876
0.764148404476
5.78060049559
6.19274305982
0.0979042090678
0.00903031667412
0.00131851697056
0.000224233170659
3.2174062976e-05
2.52610851443e-06
1.08012324634e-07
2.86048102807e-09
6.05684212489e-10
5.25590199042e-10
1.90128381935e-10
5.49117993881e-11
0.0140534610847
0.0120108698486
0.0238067525505
0.0418579192451
0.105521994677
0.473346883994
3.43933219977
8.33279831413
0.156230864079
0.00963226406724
0.00153373789229
0.000281516451545
4.82576696351e-05
4.9899986275e-06
2.8211147677e-07
9.38035765552e-09
2.06092435979e-10
7.50081713965e-11
4.90815435443e-11
1.41454763834e-11
3.42946416597e-12
0.0159811856634
0.0143178904788
0.02627777357
0.0419985476925
0.0931295450766
0.359471715485
1.72911750782
11.0581506362
0.287001130478
0.0106603069765
0.00169156382414
0.000335604153039
6.57514030414e-05
8.49422102501e-06
6.19937020094e-07
2.62519433191e-08
6.96092207593e-10
1.28810414235e-11
7.75497182456e-12
3.88458188534e-12
9.06926744607e-13
1.86593365461e-13
0.0183817697377
0.0162744451229
0.0286154602731
0.0450828035779
0.0933648910369
0.315175175192
1.39050040957
8.60846416756
0.511301747143
0.0129345316976
0.00184169496129
0.000384536945982
8.3711176158e-05
1.29758985399e-05
1.18246869594e-06
6.31254091048e-08
2.06230421126e-09
4.46709953282e-11
7.02790479219e-13
6.73181268143e-13
2.62458044814e-13
5.04208155806e-14
8.96381054091e-15
0.0200244901232
0.017674800986
0.0291637976938
0.0465114626715
0.0982237440335
0.318346252984
1.24828930233
7.54346290464
1.35442757674
0.0175508432101
0.0020541671187
0.00042899277949
0.000101555853228
1.82828446938e-05
2.01886621771e-06
1.3303493027e-07
5.35271656781e-09
1.38999115083e-10
2.49859681577e-12
3.40339317593e-14
4.91928428903e-14
1.52434769936e-14
2.45454354372e-15
3.84589025286e-16
0.0209911045202
0.0190168571323
0.0289188787801
0.0443924086488
0.0956661824213
0.316092531039
1.25515499943
6.6478139907
1.99915201316
0.0271090205227
0.00234533390769
0.000475226794539
0.00011912188879
2.42534764638e-05
3.16129048546e-06
2.51403325291e-07
1.2311108032e-08
3.85485773195e-10
8.12321953768e-12
1.24292219927e-13
1.48142968338e-15
3.05358821027e-15
7.65416730846e-16
1.05753680185e-16
1.50481896342e-17
0.0220359685913
0.0207563752965
0.0292063157862
0.0417877272543
0.0847227068498
0.28389584787
1.13882804326
5.9894544185
3.62704119645
0.040591310177
0.00270777429517
0.000528913989813
0.000136120414015
3.07190986576e-05
4.62787726e-06
4.34697506038e-07
2.54934217763e-08
9.57755067445e-10
2.38896491123e-11
4.21557640519e-13
5.57913966895e-15
6.01962036351e-17
1.60582448211e-16
3.35936989717e-17
4.0559113499e-18
5.43852639392e-19
0.0236349421172
0.0226424362297
0.0304491363687
0.0407619236075
0.0753953336568
0.225027725561
0.890456990065
4.74579441844
5.4287609736
0.0880593602
0.00327324618255
0.000582163383172
0.000153867127328
3.75750810372e-05
6.42466209533e-06
6.99837585572e-07
4.83078689471e-08
2.15433777821e-09
6.3580135324e-11
1.30872707619e-12
1.97632562231e-14
2.38323794725e-16
2.34241467997e-18
7.25900699301e-18
1.28113123597e-18
1.40452885152e-19
3.05004156282e-20
0.0253642631898
0.0242107312927
0.0317540854804
0.0413821979326
0.071033859762
0.187173669224
0.618646962906
3.06161988919
7.8639151579
0.228459828318
0.0046957686707
0.000651737732714
0.000171625424856
4.48507397421e-05
8.55408759612e-06
1.06326450705e-06
8.50591090425e-08
4.4417505186e-09
1.54069409602e-10
3.70615161734e-12
6.46493180002e-14
8.91670423664e-16
1.02308548045e-17
2.21384014699e-19
2.79734431456e-19
4.35165426561e-20
5.79058267916e-21
9.37943736271e-20
0.026693309149
0.0253765171358
0.0324628618322
0.0418623030864
0.0700460548926
0.172058977406
0.490003749865
1.8198769574
10.4894218785
0.445452154855
0.00832352250838
0.000774826756445
0.000191291159398
5.24333909907e-05
1.10071955964e-05
1.54145602191e-06
1.40864107378e-07
8.49882031297e-09
3.42971948373e-10
9.59849257887e-12
1.93896321293e-13
3.07925942164e-15
4.24201963986e-17
1.42419536403e-18
4.34064906899e-19
9.31630156263e-21
2.01842285127e-21
2.27000195171e-19
0.0276040694474
0.0264663584522
0.0327431414383
0.0414365512743
0.0680139369096
0.165257882943
0.452883057708
1.45536531039
6.70346287821
0.851721038528
0.0138016201585
0.00099495207296
0.000216565858983
6.04254763251e-05
1.37751960238e-05
2.14899743072e-06
2.21690357441e-07
1.52575323226e-08
7.08239457125e-10
2.28743368018e-11
5.32962211613e-13
9.72454144134e-15
1.6059725921e-16
7.30859834645e-18
1.98617358977e-18
5.52301085169e-19
4.92979892495e-22
0.0285017605439
0.0278108778158
0.0331808633353
0.0406412272446
0.064262070658
0.151276452459
0.425801134767
1.35159401205
5.55733211751
1.62710559694
0.0278120257914
0.00134692000047
0.000251732744792
6.94293190263e-05
1.68729476119e-05
2.90171305886e-06
3.34216641122e-07
2.5947063796e-08
1.36979013755e-09
5.05465346989e-11
1.34794493964e-12
2.80608349541e-14
5.48588704033e-16
3.05606478761e-17
7.96532168443e-18
1.36412193259e-18
0.0297238227265
0.0292027869847
0.0341102750345
0.0403316919688
0.0605012925689
0.133514816574
0.360256307967
1.21478323878
4.9326167018
2.95215726952
0.0582159872095
0.00204625826997
0.000297975252485
7.99132888474e-05
2.03572544999e-05
3.81485923034e-06
4.86126291857e-07
4.21366543304e-08
2.50289748168e-09
1.04448342101e-10
3.15706337461e-12
7.42940839624e-14
1.68925941621e-15
1.06661404144e-16
2.71641324527e-17
3.71923728831e-18
0.0309898254753
0.0302944792616
0.0350689948914
0.0407847712551
0.0582233696228
0.119088741581
0.295334168333
0.915059156751
4.06104968348
4.75131130244
0.136864313798
0.00316217151063
0.000376475609591
9.2993558956e-05
2.43440370711e-05
4.9122470956e-06
6.85947541165e-07
6.58061720937e-08
4.35536436787e-09
2.03441523573e-10
6.90055173505e-12
1.81719578903e-13
4.72468857614e-15
3.17226306304e-16
7.55247354556e-17
1.13683539329e-17
0.0319245628444
0.0311318443816
0.0356268041599
0.0412259038074
0.0574059670702
0.110515710942
0.252570625655
0.69076390165
2.57446078162
6.79953520094
0.352195801224
0.00565119320897
0.000495327144201
0.000110449538085
2.90256671659e-05
6.21892495451e-06
9.4406204546e-07
9.94013631249e-08
7.26663302589e-09
3.76492436738e-10
1.41868452064e-11
4.14067464743e-13
1.21071860978e-14
8.31490666032e-16
1.80366358947e-16
2.80219711105e-17
0.0326138122393
0.0320474241382
0.0359684076629
0.0411657504802
0.056409744125
0.105482703095
0.228909224992
0.578740962469
1.73099189469
8.39455384266
0.609905321309
0.0129358722965
0.000688454335371
0.000135129884674
3.47853607706e-05
7.79003997291e-06
1.27208978645e-06
1.45970520361e-07
1.16954136981e-08
6.66369916763e-10
2.76512977146e-11
8.86329233396e-13
2.87487255534e-14
1.94738786247e-15
3.82645690715e-16
6.14005681615e-17
0.0334213427559
0.0332087194535
0.0365256100256
0.0409585258688
0.0546842646246
0.0992250222105
0.212592861073
0.512866628327
1.44421489463
5.06563693289
1.11594154617
0.0273533514488
0.00109329560761
0.000169968982954
4.21219609771e-05
9.68569421574e-06
1.687158612e-06
2.09220507487e-07
1.8246687815e-08
1.13531631369e-09
5.14487698307e-11
1.79714692554e-12
6.38343898406e-14
4.19369099367e-15
7.43366635232e-16
1.22624221408e-16
0.0345041679498
0.0345573332414
0.0374258798823
0.0411285711368
0.0530569669875
0.0917977937672
0.19077458931
0.46124021249
1.28186655098
4.38763478533
1.86268484303
0.074765447836
0.00187625986065
0.000230383607645
5.19484654273e-05
1.20508500617e-05
2.20857898743e-06
2.94085467107e-07
2.7721897366e-08
1.87093337467e-09
9.19846842628e-11
3.47700386945e-12
1.33935222656e-13
8.42053525143e-15
1.35166603121e-15
2.28030645004e-16
0.0357826605891
0.0359700472178
0.0385403269424
0.0417441540543
0.0522454462454
0.0857663630254
0.168239122716
0.391314590206
1.08215985724
3.84046791436
2.94282560375
0.168956725211
0.0038862136564
0.000317732273639
6.61340474992e-05
1.50532056167e-05
2.87276173978e-06
4.06615332108e-07
4.11944056941e-08
2.99755110773e-09
1.58881323229e-10
6.46355857093e-12
2.67362662956e-13
1.59458971057e-14
2.34634880778e-15
4.01029632164e-16
0.0371265911105
0.0373413400908
0.0397237930094
0.0426004131102
0.0521307644969
0.0820648216426
0.151968345346
0.328340392645
0.862232691423
2.93035145548
4.15812387467
0.259685599242
0.00756084211206
0.00049001621031
8.64952695934e-05
1.91385904699e-05
3.72710619876e-06
5.55900616639e-07
6.00914557848e-08
4.68819286888e-09
2.6652243844e-10
1.16113611436e-11
5.12445261048e-13
2.89302962331e-14
3.93047723771e-15
6.77120038281e-16
0.0384285892713
0.0390403926057
0.0408655000671
0.0435325473526
0.0523195155398
0.0797222974556
0.14186167685
0.288542087685
0.685053776308
2.03858796862
5.19980082708
0.472784898629
0.0127492959245
0.000746118079819
0.000118082779516
2.4794936809e-05
4.860618707e-06
7.54302275815e-07
8.64121059768e-08
7.18916519672e-09
4.36151857837e-10
2.02692340971e-11
9.47594049964e-13
5.06093132395e-14
6.43912508338e-15
1.10695168314e-15
0.04008202471
0.0420766070776
0.0424135227348
0.0444267020513
0.052604984301
0.0778174422709
0.134239350242
0.264146271238
0.586773862373
1.53347557757
5.57163803205
0.789500040625
0.0271050981182
0.00108236847722
0.000161962883669
3.3146099843e-05
6.38957832631e-06
1.02096695497e-06
1.22987976919e-07
1.08470712926e-08
6.99509376493e-10
3.45432058114e-11
1.70282341408e-12
8.64609749488e-14
1.03515029684e-14
1.77095152965e-15
0.043147348253
0.0503779514309
0.0455452207562
0.0458122472429
0.0528734232774
0.0761001313073
0.127239880272
0.243577327255
0.528238796792
1.30209642503
4.0467971653
1.10868126177
0.0697207928741
0.00187219335799
0.00022071050709
4.4659083947e-05
8.55300043612e-06
1.38475356945e-06
1.73770831825e-07
1.61703527366e-08
1.10332356061e-09
5.77341232765e-11
2.98692249187e-12
1.44350763226e-13
1.65109004362e-14
2.78205300873e-15
0.0516683698295
0.0787511845295
0.0545575699058
0.0490426824356
0.0538471496567
0.0745024096687
0.120748026914
0.223866017684
0.473759693184
1.15718604381
3.47508896607
1.62759239255
0.130354742219
0.00401001654663
0.000310289022749
6.02322403141e-05
1.15496260357e-05
1.894738977e-06
2.44874289483e-07
2.38631596032e-08
1.71803117487e-09
9.49734397031e-11
5.13894728574e-12
2.3871698001e-13
2.60701587181e-14
4.33139264409e-15
0.0810884904256
0.197551899646
0.0863287014009
0.0587725496116
0.0573183977494
0.0742600930069
0.11491310397
0.20590172332
0.420370127193
1.00676117202
2.95098897042
2.25339971561
0.223261683657
0.00715496681817
0.000484474649706
8.16005141671e-05
1.57015640484e-05
2.61097348986e-06
3.454491831e-07
3.50335007819e-08
2.6461840908e-09
1.54271376964e-10
8.70926218492e-12
3.89100131214e-13
4.12618604858e-14
6.67855088523e-15
0.204950069307
0.296101051355
0.221535625129
0.0940082904871
0.068713205979
0.0784622416092
0.111959440073
0.190419683878
0.373783559074
0.84838126635
2.39802023799
2.75590323166
0.317973854132
0.0136406964046
0.000707874284905
0.00011266533127
2.16673719043e-05
3.62665868047e-06
4.89206660678e-07
5.12713213559e-08
4.04862423924e-09
2.48062604095e-10
1.45671503022e-11
6.35136106695e-13
6.49866557212e-14
1.03107768067e-14
0.304765760483
0.366648770461
0.324090992626
0.246030394686
0.112130109476
0.0940367479138
0.117784601705
0.181547191551
0.335549978456
0.72363377438
1.88067735989
3.148364942
0.477446872076
0.025306646269
0.00104990609221
0.000154161513038
3.0105638927e-05
5.09727471308e-06
6.97131294225e-07
7.51350936892e-08
6.16338604474e-09
3.95980856594e-10
2.41699395894e-11
1.02626324998e-12
1.04199667202e-13
1.58842531444e-14
0.375569408643
0.424868629672
0.395481774434
0.352130117657
0.303600766697
0.158837141801
0.140823914682
0.191124331514
0.314166279844
0.629871376448
1.51623123592
3.44296747407
0.626133411578
0.046507112277
0.00179619996049
0.000208133857553
4.13038305188e-05
7.18564604338e-06
1.00275690849e-06
1.10444124143e-07
9.37407458861e-09
6.2902542518e-10
3.97328902038e-11
1.6748213687e-12
1.6837787998e-13
2.49207650002e-14
0.434021473735
0.479248324012
0.454456359983
0.424402591461
0.417283141079
0.45043357226
0.246952705714
0.226817516014
0.331994309875
0.582511882545
1.29011607575
3.54311476372
0.809932905107
0.0860459223382
0.0029666795162
0.000287274253399
5.60510739979e-05
1.01014814734e-05
1.44849857322e-06
1.63424394069e-07
1.42707913564e-08
9.96741612541e-10
6.52299859011e-11
2.70661971642e-12
2.75846868732e-13
3.95562448051e-14
0.489279101976
0.55242512074
0.511786291988
0.484123999951
0.4924348546
0.578877296255
0.724173953608
0.414587879355
0.387579291263
0.615107884709
1.18242686455
3.04302670571
0.917139119152
0.131185800851
0.00577923263551
0.000397917105414
7.47055134154e-05
1.41110549496e-05
2.10154341395e-06
2.42663277523e-07
2.18224132832e-08
1.58003404909e-09
1.06332095591e-10
4.45104520125e-12
4.51648620846e-13
6.37508975164e-14
0.564035367029
0.644523847372
0.590001882129
0.54474697585
0.553929848901
0.66321803589
0.869746600482
1.23438268283
0.739435634245
0.709085487673
1.22194486256
2.68000391213
1.09215687731
0.173962570793
0.0103183288877
0.000585394676916
9.97979212424e-05
1.95343577514e-05
3.04558844095e-06
3.6312378817e-07
3.34958030275e-08
2.50999999247e-09
1.74442886068e-10
7.23672145063e-12
7.5149862782e-13
1.03256015308e-13
0.657544069101
0.778870365592
0.686835732512
0.627720073856
0.623547170028
0.730721737284
0.974339905127
1.39017660887
2.19111259732
1.38996087594
1.40097639512
2.70086431593
1.22282979595
0.210282869982
0.0198292334481
0.000895014361884
0.000133890019468
2.68918280397e-05
4.39151652539e-06
5.44168150935e-07
5.18256727475e-08
4.00474608171e-09
2.84455926622e-10
1.2080190224e-11
1.24812566779e-12
1.69907996448e-13
0.794607743305
1.12208093406
0.829797841375
0.729947479713
0.716874781501
0.827811996202
1.06718151368
1.55679256398
2.390240289
4.0653205599
2.78608662406
2.86807971902
1.18546929067
0.275874881229
0.0280858602681
0.00144684016779
0.000180631413965
3.674554896e-05
6.28302190213e-06
8.16592236066e-07
8.05847405286e-08
6.4318697558e-09
4.70608957795e-10
1.98866929499e-11
2.11942389575e-12
2.80748506223e-13
1.14727729441
1.18974127132
1.20364783872
0.880963946857
0.833485851549
0.94479734878
1.20472192371
1.70521040205
2.72366971456
3.93234098041
2.72185111574
2.02606521434
1.05068223336
0.275187934646
0.0357665498847
0.00236503893712
0.000237023088346
4.97007094586e-05
8.99967622843e-06
1.22618603834e-06
1.26141982447e-07
1.04125095834e-08
7.76825160005e-10
3.39779040778e-11
3.58477960272e-12
4.73458899322e-13
1.18479398072
0.67923086871
1.17370262881
1.28579429578
1.00266349357
1.10092482257
1.38380506519
1.94041913192
3.03170352647
3.2716109234
2.22601816092
1.2691806972
0.725135651498
0.279637118445
0.0407346752053
0.00296546157829
0.000313882470942
6.56105665867e-05
1.27432579711e-05
1.85226065569e-06
1.98595296054e-07
1.70216091911e-08
1.30923337246e-09
5.70607521566e-11
6.25611218513e-12
8.01318442612e-13
0.676833595472
0.388413987625
0.671472633851
1.15781460573
1.48115304403
1.3132727231
1.61129928548
2.25703492008
3.46339476293
2.78222124475
1.8901461658
1.09364571832
0.425514815741
0.1810526325
0.033804329089
0.00421458809836
0.000396374374295
8.48893732008e-05
1.78811223803e-05
2.79115131821e-06
3.16205462002e-07
2.81878970732e-08
2.21617678751e-09
1.0127972524e-10
1.08291765898e-11
1.39351850001e-12
0.387180192156
0.218606726114
0.384417414144
0.663734925906
1.11979651082
1.77140764883
1.89781272741
2.59557193602
2.74727058699
2.25243126499
1.64252032246
0.931834681626
0.364677974292
0.0809733660792
0.0172776427611
0.00310363983781
0.000464865284481
0.000105507886953
2.45215359818e-05
4.21491333246e-06
5.09416473806e-07
4.75614001557e-08
3.87013891922e-09
1.75467017515e-10
1.99623089008e-11
2.42712295575e-12
0.217834268944
0.121672030542
0.216139076537
0.380436860843
0.645379318895
1.03304445812
1.51921689325
2.02153134628
2.08188301336
1.80069465253
1.32804003725
0.842898757133
0.347377934572
0.0872084531908
0.0125419481357
0.00190734154583
0.000495379562924
0.000124838342649
3.29257548273e-05
6.33115433747e-06
8.33696814565e-07
8.23618281148e-08
6.89180162584e-09
3.3256181496e-10
3.61902601441e-11
4.47272493491e-12
0.12130196709
0.0674170527629
0.120481136666
0.213765428741
0.371030066953
0.60385107905
0.907585623104
1.21710340713
1.49249526088
1.38756986191
1.0725332421
0.680797789795
0.339809312697
0.101002928928
0.0241006985931
0.00304104393281
0.000579442540557
0.000156145104858
4.27544916479e-05
9.49322649177e-06
1.40067775134e-06
1.47457436854e-07
1.29538572271e-08
6.1646606125e-10
7.1401725468e-11
8.20237901253e-12
0.0672150500562
0.0359698559136
0.0667698551014
0.119313081442
0.208355779184
0.348726304842
0.541508579147
0.753496519043
0.909020587955
1.01722707359
0.841132855248
0.566286878594
0.295519333667
0.115071015186
0.036024676662
0.0126063291888
0.00148774565458
0.00024644447632
6.55684468499e-05
1.44547790058e-05
2.40406225868e-06
2.80880691673e-07
2.57047999175e-08
1.32015099613e-09
1.39834765452e-10
1.63892273277e-11
0.035870253031
0.0188529762767
0.035651547591
0.0661435762731
0.116641865061
0.196327031284
0.314059670519
0.456024473384
0.579882909916
0.631573528244
0.637210427958
0.460086999759
0.258724446699
0.111346843532
0.0406348276984
0.0101929249976
0.000659972404572
0.000124107803558
2.80236108119e-05
4.4734097774e-06
5.63167446997e-07
5.73608264907e-08
2.88448199953e-09
3.1716364436e-10
3.25535359445e-11
0.0188187878537
0.00960511746639
0.0187429424222
0.0353459049765
0.0647205314709
0.110657550782
0.179129546839
0.270268928646
0.36293303925
0.416243605684
0.398838711482
0.358830962204
0.227329292809
0.104698504447
0.0416912270993
0.0130585273655
0.000350061695602
6.48961396708e-05
1.18285969571e-05
1.33703905835e-06
1.421039758e-07
8.20098987001e-09
7.33755415277e-10
7.56172208515e-11
0.00958836845731
0.00459264125946
0.00955032474879
0.0186356793312
0.03465477837
0.0615442351192
0.10184832715
0.156640175449
0.220748354227
0.273038111633
0.289127369749
0.230247200795
0.183595248226
0.103451855688
0.0411157555571
0.0143027157007
0.000212260760055
3.45413645324e-05
5.93184514366e-06
4.32355710851e-07
2.49252534315e-08
2.37089954268e-09
1.77531673343e-10
0.00458384950688
0.00203690786512
0.00456424616541
0.00949526463944
0.0183848509548
0.0331430586086
0.0568914430855
0.0902011232034
0.13020614474
0.170537892728
0.197707419183
0.212517825179
0.125670877002
0.0886094971311
0.0465427605249
0.0155305179528
0.000139207481609
2.29168048314e-05
2.12229754884e-06
1.24102473469e-07
7.97771413301e-09
6.04139555224e-10
0.00203306813323
0.000884311518057
0.00202445761331
0.00453632012146
0.00936278004403
0.0178014216589
0.031011367881
0.0508020126029
0.0761851872198
0.102230237848
0.124426426948
0.137705616309
0.18200274442
0.0638829499897
0.0430537798694
0.0251240333738
9.60166809373e-05
1.32253020787e-05
6.91201124125e-07
5.17441461601e-08
2.12581601176e-09
0.000882098959078
0.000877142596692
0.00201205865263
0.00447070386433
0.00903674521149
0.0168324837128
0.0282466319549
0.0435926883052
0.0608758769201
0.0750368152992
0.0835589446824
0.0680244868552
0.0321065795056
0.0230953020626
0.00505117832129
2.70255127098e-05
5.15254793508e-06
3.4540742192e-07
1.61474749247e-08
0.000870121134465
0.00198279369872
0.00431356113623
0.0085059008474
0.0153986906979
0.0247619401625
0.03565423683
0.0453261307527
0.0497819038184
0.0349774092582
0.0178626758232
0.00995783382192
0.000945637092571
1.62180926129e-05
7.34869352094e-05
3.18098674826e-06
1.18866708023e-07
0.000854140430076
0.00191104278336
0.00406513154074
0.00772041091864
0.0134406887386
0.0204565503922
0.027064688297
0.0298731254038
0.0195700788872
0.0107999092757
0.00441478187902
0.000307310074561
1.75482289714e-05
1.32425521952e-05
3.35383001959e-05
1.43094737494e-06
0.000816870612828
0.00179248472093
0.00369901863733
0.0066743859305
0.0109107664496
0.0152853916124
0.0174280128789
0.0107598385686
0.0068718193002
0.00200451812809
0.000240936877392
1.50941945922e-05
1.87984008889e-05
3.9935266754e-05
1.53669647821e-05
0.000761121571042
0.00162068221741
0.00318808413621
0.00541882854321
0.00800490354698
0.00950133293938
0.00734589703295
0.00103784315182
0.00447286264861
0.00082392858006
8.19790889801e-05
1.11694412037e-05
1.50040510278e-05
2.24704501824e-05
7.61784553139e-06
0.000686381953363
0.00139966818804
0.00255963067059
0.00403346015951
0.00520725119927
0.00465587556652
0.00216365298605
0.000338966700817
0.00296954220752
0.000325304280009
1.81197376488e-05
7.92849594905e-06
1.02887121249e-05
1.00743812961e-05
3.93116818061e-06
0.000595942301917
0.00113974798126
0.00189412041877
0.00263283738323
0.00286483773138
0.00193438765051
0.000543926749906
0.000108337754166
0.00171099636652
9.17680160358e-05
3.38766789039e-06
5.54603299067e-06
6.46240665085e-06
4.63501501548e-06
0.000495944425109
0.000866386847623
0.00129520055243
0.00152798447939
0.00134353614847
0.000707388731422
0.000119915468678
3.50462717982e-05
0.000816882640426
0.000855485780087
9.82316881096e-06
3.73573240514e-06
3.94484114324e-06
2.27347534737e-06
0.000392269273079
0.000613129198649
0.0008064597496
0.000794836681941
0.000548759584857
0.000224182134786
2.7975024174e-05
1.12299709899e-05
0.000197208989031
0.000305250259288
0.000170181584317
2.98456196036e-06
2.35406377123e-06
1.14213182678e-06
0.000291378810238
0.000401206076839
0.000452385961655
0.000367722456523
0.000190982510645
6.00542548151e-05
8.34859009184e-06
4.03927299919e-06
2.33522576473e-05
0.00010901625372
0.000135983488825
4.57280595808e-05
1.49167767851e-06
5.95142031017e-07
0.000201436006654
0.000240871816953
0.000226179107823
0.000146934087933
5.6592855975e-05
1.61566339705e-05
3.2149056378e-06
1.86148043626e-06
1.99546722494e-05
6.52907429583e-06
6.29891370149e-05
5.5241732525e-05
1.40119718799e-05
2.98995813781e-07
0.000128409150385
0.000131501290423
9.97942351355e-05
4.96259835971e-05
1.60097698083e-05
5.42660108346e-06
1.86645475615e-06
5.29690352694e-06
1.52201548697e-05
6.62123784652e-06
1.65029207076e-06
3.1846802701e-05
2.49811675531e-05
7.45566830558e-05
6.43238555155e-05
3.85336691121e-05
1.51875732911e-05
5.44201069147e-06
2.21443744151e-06
2.84805408508e-06
1.14573821518e-05
1.09919731556e-05
5.72019744787e-06
1.42524209541e-06
1.76103187466e-05
3.90863088309e-05
2.74667484666e-05
1.31543032699e-05
5.19856767465e-06
2.14625710284e-06
1.86933242598e-06
5.43442809624e-06
9.40363539564e-06
7.38234910528e-06
4.41710091116e-06
1.2107538324e-06
1.82979627877e-05
1.03034596688e-05
4.65294139082e-06
2.0221297363e-06
1.27858345569e-06
2.78073974985e-06
5.13460196584e-06
4.94868546856e-06
3.15858181657e-06
8.65690912895e-07
7.72453350734e-06
3.83986758663e-06
1.82810226788e-06
9.85603417849e-07
1.48989087297e-06
2.85447477003e-06
3.26834692898e-06
2.14275563968e-06
5.99498390065e-07
3.10612136038e-06
1.57172056347e-06
8.08828499224e-07
8.6572860636e-07
1.59631214964e-06
2.07031885297e-06
1.36742154914e-06
3.9184877683e-07
1.30883323916e-06
6.87880727355e-07
5.4199407762e-07
9.12228166556e-07
1.2136918358e-06
7.2401288291e-07
2.30527176685e-07
5.73470741757e-07
3.81015461359e-07
5.18188804556e-07
7.16669083602e-07
4.56600735625e-07
1.61316247842e-07
2.79306731136e-07
3.10963570247e-07
4.09236308567e-07
3.05236802779e-07
1.78099423466e-07
1.88589267007e-07
2.44850784754e-07
2.01815729858e-07
1.52303084647e-07
1.40940963367e-07
1.30909856066e-07
1.16140377995e-07
8.31595936182e-08
8.04537396053e-08
5.39051853794e-08
)
;

boundaryField
{
    inletfuel
    {
        type            calculated;
        value           uniform 0;
    }
    inletair
    {
        type            calculated;
        value           uniform 0;
    }
    outlet
    {
        type            calculated;
        value           uniform 0;
    }
    leftside
    {
        type            calculated;
        value           uniform 0;
    }
    burnerwall
    {
        type            calculated;
        value           uniform 0;
    }
    front
    {
        type            wedge;
    }
    back
    {
        type            wedge;
    }
    reacting_to_fluid
    {
        type            calculated;
        value           uniform 0;
    }
    reacting_to_solid
    {
        type            calculated;
        value           uniform 0;
    }
}


// ************************************************************************* //
