/*--------------------------------*- C++ -*----------------------------------*\
  =========                 |
  \\      /  F ield         | OpenFOAM: The Open Source CFD Toolbox
   \\    /   O peration     | Website:  https://openfoam.org
    \\  /    A nd           | Version:  10
     \\/     M anipulation  |
\*---------------------------------------------------------------------------*/
FoamFile
{
    format      ascii;
    class       volScalarField;
    location    "0.3/reacting";
    object      ed::R_H2;
}
// * * * * * * * * * * * * * * * * * * * * * * * * * * * * * * * * * * * * * //

dimensions      [1 -3 -1 0 0 0 0];

internalField   nonuniform List<scalar> 
1571
(
-2.36280318968e-08
-4.12763663622e-08
-3.49280440291e-06
-9.03884436258e-08
-6.25768895761e-06
-0.000176441742092
-2.64684169041e-05
-0.00044953350574
-0.00630275573853
-0.00378571356051
-0.0311994011575
-0.0551293431027
-1.15816847117
-0.312732226515
-0.0846669273699
-6.17890153666
-0.635593025929
-0.297768993034
-0.081323840062
-2.09246379003
-15.5263330149
-1.42769991799
-0.20888676174
-0.0717243717574
-0.746399931366
-3.8064306059
-12.5950074945
-0.00387338242508
-0.0360608267716
-0.137154595349
-0.0555455754315
-0.264279785084
-0.99214027608
-2.52786548579
-4.66962674054
-4.93216598407e-05
-0.000275540471064
-0.00339182517968
-0.0804849187074
-0.0377345948264
-0.105435171584
-0.285985272759
-0.565200957057
-4.9102013109
-0.431725938663
-7.86273617151e-07
-9.48830813607e-06
-0.00011757270307
-0.000432672357263
-0.0440204804744
-0.023334300363
-0.0441246939952
-0.102900454676
-0.19608313394
-1.83798029107
-0.566680779721
-0.0152470211441
-2.47148774845e-07
-7.06798064503e-06
-5.87361001036e-05
-9.4535629183e-05
-0.0231102773947
-0.0132741777557
-0.0199837419231
-0.042843265865
-0.109251310372
-0.890466853715
-0.538143020246
-0.0600378129498
-0.000665696706315
-2.80719762167e-07
-5.96831766275e-06
-1.58561121875e-05
-2.08595379004e-05
-0.0120240848012
-0.00711794373983
-0.0100868179387
-0.0204034844855
-0.0578367313517
-0.631910452674
-0.794132759884
-0.0565589228794
-0.00325902849222
-8.85537218478e-05
-2.88567419434e-07
-2.00887243446e-06
-3.89335759734e-06
-4.02016793449e-06
-0.00634314653404
-0.00379310605649
-0.00608185550632
-0.0123025318851
-0.0322723328931
-0.283960761624
-1.29134400684
-0.0465495011409
-0.00600183322973
-0.000213268563957
-1.60519794151e-05
-1.32120690939e-07
-5.64349585554e-07
-8.01715112493e-07
-6.53147967862e-07
-0.00369191821038
-0.00223587121819
-0.00457992267733
-0.00961656665531
-0.0253095301372
-0.149809796845
-1.87495792895
-0.0587815958668
-0.00674260837355
-0.000461388660754
-3.63483399494e-05
-2.53303979549e-06
-4.33040753127e-08
-1.30807614664e-07
-1.37498771915e-07
-8.93023882017e-08
-0.00248545687594
-0.00151834879512
-0.00385223198305
-0.00882115341045
-0.02420529351
-0.134235062116
-0.839266599899
-0.0989819212583
-0.00611750265409
-0.000728444939956
-6.25774352171e-05
-6.54047806905e-06
-3.40864856138e-07
-1.15396047638e-08
-2.50853883261e-08
-1.97511147646e-08
-1.03210421099e-08
-0.00191951091849
-0.00120829430496
-0.00329318472032
-0.00775230076295
-0.0235812402919
-0.132309231181
-0.804929287165
-0.276925617622
-0.00626016492424
-0.000890302514928
-9.20239376422e-05
-1.21891269867e-05
-9.67022812454e-07
-3.90455525362e-08
-2.52798802032e-09
-4.00462279688e-09
-2.39025824348e-09
-1.01419110262e-09
-0.00163353726611
-0.00110970331573
-0.00284824774243
-0.00637175268075
-0.0196304387306
-0.120765563366
-0.775245928343
-0.49656810448
-0.00790297732855
-0.000955656278799
-0.000121578192003
-1.85722743798e-05
-2.07211934056e-06
-1.18028836393e-07
-3.81910633354e-09
-4.54627063414e-10
-5.30351377158e-10
-2.44493374634e-10
-8.52015136616e-11
-0.00151836592849
-0.00115845823706
-0.00261363239505
-0.00525856306587
-0.0147382494694
-0.0855133633087
-0.64688820578
-0.693009740058
-0.0109561417003
-0.00101055337684
-0.000147550947004
-2.50932050321e-05
-3.60049477336e-06
-2.82688590183e-07
-1.20873080467e-08
-3.20107130969e-10
-6.77801508314e-11
-5.8817090213e-11
-2.1276649018e-11
-6.14500092326e-12
-0.00157267713502
-0.00134409739129
-0.00266413627004
-0.00468418364127
-0.0118086233185
-0.0529707106956
-0.384884483453
-0.932496365157
-0.0174832880128
-0.00107791535236
-0.000171635620562
-3.15035907388e-05
-5.40035889857e-06
-5.58414521373e-07
-3.1570178077e-08
-1.0497253249e-09
-2.30631343987e-11
-8.39392057116e-12
-5.49255594891e-12
-1.58297426791e-12
-3.83780183877e-13
-0.0017884025246
-0.00160226856871
-0.00294066019777
-0.00469992091357
-0.0104218245779
-0.0402273108541
-0.193499918057
-1.23748168201
-0.0321173633247
-0.00119296029164
-0.000189297407423
-3.75563695463e-05
-7.35802572302e-06
-9.50560655864e-07
-6.93751361873e-08
-2.93776961839e-09
-7.78974156009e-11
-1.44147546287e-12
-8.67833681518e-13
-4.34710928031e-13
-1.01491223108e-13
-2.08810568186e-14
-0.00205704408283
-0.00182122023718
-0.00320226311571
-0.00504506996121
-0.0104481613791
-0.0352702290604
-0.155606379609
-0.963345234484
-0.05721811602
-0.00144746138552
-0.000206098094828
-4.30322792991e-05
-9.36784553611e-06
-1.45209061434e-06
-1.32326226953e-07
-7.06415928001e-09
-2.30785758679e-10
-4.99898583898e-12
-7.86469973991e-14
-7.53335268622e-14
-2.93708264102e-14
-5.64242952784e-15
-1.00311089171e-15
-0.00224087557986
-0.00197792950855
-0.00326362577354
-0.00520494655508
-0.0109918998193
-0.0356250940655
-0.139691996999
-0.844164406013
-0.151569586178
-0.0019640577969
-0.000229875163109
-4.80071870784e-05
-1.13647853249e-05
-2.04597370284e-06
-2.2592475406e-07
-1.48875064821e-08
-5.99005106692e-10
-1.5554939012e-11
-2.7960984544e-13
-3.80862664151e-15
-5.50501109683e-15
-1.70584794603e-15
-2.74679987005e-16
-4.30381073247e-17
-0.00234904625406
-0.00212811464818
-0.00323621769425
-0.00496781010953
-0.0107056914152
-0.0353728873706
-0.140460314837
-0.743935248265
-0.223718601529
-0.00303368234145
-0.000262458691732
-5.31810853722e-05
-1.33305432485e-05
-2.71412769064e-06
-3.5376973926e-07
-2.81337286929e-08
-1.37769607017e-09
-4.31384594674e-11
-9.09043085732e-13
-1.39091381946e-14
-1.65781978983e-16
-3.41717127838e-16
-8.56552975888e-17
-1.18345504903e-17
-1.68399397263e-18
-0.00246597359488
-0.00232277846987
-0.003268383835
-0.00467632868382
-0.00948104264683
-0.031769861245
-0.127442543411
-0.670260369203
-0.405890386934
-0.00454244153886
-0.000303018217017
-5.91890448308e-05
-1.52327929355e-05
-3.43767444731e-06
-5.17890696578e-07
-4.86455844774e-08
-2.85288593887e-09
-1.07179255448e-10
-2.67341295473e-12
-4.71751448516e-14
-6.24343379724e-16
-6.73636142024e-18
-1.79702596439e-17
-3.75936162168e-18
-4.5388385133e-19
-6.08607805321e-20
-0.00264490952309
-0.00253384141636
-0.00340746384535
-0.00456153433311
-0.00843724664085
-0.0251821210876
-0.0996481464284
-0.531086422369
-0.607514988885
-0.00985443667409
-0.000366298337296
-6.51480113007e-05
-1.72187699188e-05
-4.20490514312e-06
-7.18963045235e-07
-7.83165486725e-08
-5.40597654035e-09
-2.41084935908e-10
-7.11504621266e-12
-1.46455391757e-13
-2.21164174351e-15
-2.66700409555e-17
-2.6213201045e-19
-8.12331869853e-19
-1.43367231007e-19
-1.57176256934e-20
-3.41320234055e-21
-0.00283843222141
-0.00270934421753
-0.00355349645739
-0.004630947216
-0.00794916827866
-0.0209459967258
-0.069230770082
-0.342615926911
-0.880025175722
-0.0255661965476
-0.000525488203599
-7.29338505362e-05
-1.92060432538e-05
-5.01910045191e-06
-9.5726012918e-07
-1.18986473769e-07
-9.5186883224e-09
-4.9706185814e-10
-1.72414066703e-11
-4.14743376907e-13
-7.23469496949e-15
-9.97839378369e-17
-1.14490169544e-18
-2.47743652527e-20
-3.13041706649e-20
-4.86979479417e-21
-6.48005279487e-22
-1.04962233793e-20
-0.0029871614333
-0.00283980352066
-0.00363281331433
-0.0046846742227
-0.00783862624758
-0.01925456071
-0.0548347263953
-0.203656512954
-1.17383709596
-0.0498491022577
-0.000931458339896
-8.67083429568e-05
-2.14067716631e-05
-5.86765029807e-06
-1.23177946918e-06
-1.72499331353e-07
-1.57636442356e-08
-9.51075347225e-10
-3.83808755657e-11
-1.07413609491e-12
-2.16983068601e-14
-3.44589909633e-16
-4.74710624927e-18
-1.59377072404e-19
-4.85747923646e-20
-1.04255701583e-21
-2.25875138363e-22
-2.54028537482e-20
-0.00308908165694
-0.00296176411876
-0.00366417849371
-0.00463702972174
-0.00761121853155
-0.0184934723425
-0.0506806704343
-0.162865199751
-0.750162734324
-0.0953133320422
-0.00154449443584
-0.000111341851388
-2.42351811127e-05
-6.7620185815e-06
-1.54153739683e-06
-2.40487314986e-07
-2.48086470728e-08
-1.7074208322e-09
-7.92567747992e-11
-2.55979265535e-12
-5.96420681697e-14
-1.08824181326e-15
-1.79719170946e-17
-8.1788147697e-19
-2.22266228368e-19
-6.18062186287e-20
-5.51677768401e-23
-0.00318953934871
-0.00311222490902
-0.00371316252795
-0.00454802759558
-0.00719135937857
-0.0169288559178
-0.0476500204951
-0.151252491168
-0.621902967549
-0.182084096804
-0.00311235337523
-0.000150729437729
-2.81705929581e-05
-7.76960934211e-06
-1.88819670468e-06
-3.24721273468e-07
-3.74010975992e-08
-2.90365154227e-09
-1.53288760406e-10
-5.65649834559e-12
-1.50844135338e-13
-3.14019679963e-15
-6.13907781266e-17
-3.41994273556e-18
-8.91373250381e-19
-1.5265445002e-19
-0.00332629635402
-0.00326798893831
-0.00381716996921
-0.00451338850933
-0.00677050293083
-0.0149412089981
-0.0403151120475
-0.135942442372
-0.551993096646
-0.330366321063
-0.00651476183875
-0.000228990109563
-3.3345441636e-05
-8.94283631606e-06
-2.27811415927e-06
-4.26908492414e-07
-5.44008126771e-08
-4.71537597836e-09
-2.80091118978e-10
-1.16884743497e-11
-3.5329669703e-13
-8.31400936827e-15
-1.89039528624e-16
-1.19361309271e-17
-3.03984973834e-18
-4.16207751797e-19
-0.00346797060521
-0.00339015667136
-0.0039244571911
-0.00456409113907
-0.00651558798062
-0.0133268338521
-0.0330498864962
-0.102401294908
-0.454458865534
-0.53170379892
-0.0153160403415
-0.000353868331922
-4.21301613551e-05
-1.04066068133e-05
-2.72426203374e-06
-5.49713600248e-07
-7.67621589664e-08
-7.36415474958e-09
-4.87394664897e-10
-2.27664794109e-11
-7.72218307456e-13
-2.0335647212e-14
-5.28724536183e-16
-3.54997644739e-17
-8.4517275754e-18
-1.27219552432e-18
-0.00357257402488
-0.00348386347924
-0.00398687981262
-0.00461345684865
-0.00642411511874
-0.0123674538685
-0.0282643574811
-0.0773011422079
-0.288099535186
-0.76091387558
-0.0394130869468
-0.000632406657105
-5.54304501463e-05
-1.23600486793e-05
-3.24816803529e-06
-6.95939670763e-07
-1.0564691388e-07
-1.11236833428e-08
-8.13185274397e-10
-4.21320444264e-11
-1.58760371838e-12
-4.63369436349e-14
-1.35487582956e-15
-9.30494168354e-17
-2.01842127667e-17
-3.13584767326e-18
-0.00364970568356
-0.00358632303279
-0.00402510754992
-0.00460672528538
-0.00631263104818
-0.0118042263253
-0.0256164870682
-0.0647650193278
-0.193709674598
-0.939407225556
-0.0682525213944
-0.00144761140759
-7.70426861552e-05
-1.51219460177e-05
-3.89271661889e-06
-8.71758043975e-07
-1.42355431788e-07
-1.63350863089e-08
-1.3087957192e-09
-7.45712906765e-11
-3.09436681877e-12
-9.9186222601e-14
-3.21717639991e-15
-2.17925843738e-16
-4.28206350716e-17
-6.87113793839e-18
-0.00374007379798
-0.00371627981556
-0.00408746225458
-0.00458353545292
-0.0061195382477
-0.0111039496044
-0.0237905758349
-0.057393236785
-0.161617392979
-0.56687895819
-0.124881389937
-0.00306102462094
-0.000122347156586
-1.90206762265e-05
-4.71373169297e-06
-1.08389454655e-06
-1.88804434456e-07
-2.34131867103e-08
-2.04192750408e-09
-1.27049557172e-10
-5.75746454556e-12
-2.01112868996e-13
-7.1434990089e-15
-4.69302323273e-16
-8.31877430847e-17
-1.37224779039e-17
-0.00386124924461
-0.00386719879953
-0.004188208527
-0.00460256466595
-0.00593743266031
-0.010272792619
-0.0213489639842
-0.0516158924526
-0.143449517718
-0.491005942388
-0.208447004245
-0.00836675816672
-0.000209966140328
-2.5781480437e-05
-5.81338385502e-06
-1.34857144695e-06
-2.47154893267e-07
-3.29101484021e-08
-3.10226739621e-09
-2.09370070601e-10
-1.02937069267e-11
-3.89100197517e-13
-1.49882552757e-14
-9.42314720533e-16
-1.51260550597e-16
-2.55181680385e-17
-0.00400432119884
-0.00402529102717
-0.00431292267386
-0.00467145254868
-0.00584661801273
-0.00959783481599
-0.018827093192
-0.0437907434267
-0.12110099097
-0.429774276976
-0.329322044688
-0.0189073977539
-0.000434893534225
-3.55563856332e-05
-7.40084622011e-06
-1.68455529492e-06
-3.21481425485e-07
-4.55029997024e-08
-4.60993199721e-09
-3.35446197898e-10
-1.77798922784e-11
-7.23315823347e-13
-2.9919686279e-14
-1.78445349686e-15
-2.62572265902e-16
-4.48779221836e-17
-0.00415471609369
-0.00417874795382
-0.00444536051337
-0.00476727371549
-0.00583378435115
-0.00918360735543
-0.017006283401
-0.0367435057389
-0.0964896569389
-0.327926103315
-0.465322122633
-0.0290605710409
-0.000846109256607
-5.48361208032e-05
-9.67940437996e-06
-2.14173743017e-06
-4.1708833598e-07
-6.22090304916e-08
-6.7246394289e-09
-5.2464042025e-10
-2.98256594855e-11
-1.29938967112e-12
-5.73460829429e-14
-3.2374953843e-15
-4.39846927686e-16
-7.57743018214e-17
-0.00430041847441
-0.00436888339627
-0.00457312523793
-0.00487158582771
-0.00585490686663
-0.00892146309041
-0.0158752789916
-0.0322898068353
-0.0766621406474
-0.228131751079
-0.581892803353
-0.0529078207408
-0.00142673225245
-8.34956483021e-05
-1.32142599083e-05
-2.77472075731e-06
-5.4393603515e-07
-8.4411515065e-08
-9.67009781004e-09
-8.04516101522e-10
-4.88083362584e-11
-2.26826408219e-12
-1.0604216902e-13
-5.66352368795e-15
-7.20581551202e-16
-1.23875363596e-16
-0.00448544905819
-0.00470865628554
-0.00474635942126
-0.0049716477727
-0.0058868527475
-0.00870829694034
-0.015022289205
-0.02955975034
-0.0656639550371
-0.171606265775
-0.62350389593
-0.088350382479
-0.00303324339791
-0.000121124336953
-1.81247396875e-05
-3.70927225856e-06
-7.15036934719e-07
-1.14253092246e-07
-1.37631846003e-08
-1.21386047899e-09
-7.82798198616e-11
-3.86561784477e-12
-1.90557431522e-13
-9.6755665778e-15
-1.15840303918e-15
-1.98181427417e-16
-0.00482847944896
-0.00563763274022
-0.00509681756409
-0.00512669962997
-0.0059168928805
-0.00851611825425
-0.0142390012794
-0.0272579466989
-0.0591134861752
-0.145713377146
-0.452863912567
-0.124068915117
-0.00780222723269
-0.000209511071237
-2.4698995206e-05
-4.99765287505e-06
-9.57138468639e-07
-1.54963269418e-07
-1.9446128772e-08
-1.80957159669e-09
-1.234693522e-10
-6.46083801279e-12
-3.34256784057e-13
-1.61538245547e-14
-1.84768118246e-15
-3.11330506334e-16
-0.00578203926739
-0.00881278900043
-0.00610536025367
-0.00548820712859
-0.00602585943353
-0.00833732242069
-0.0135125190786
-0.0250521181364
-0.0530169068298
-0.129496927561
-0.388885906907
-0.182138572517
-0.014587575352
-0.000448747913125
-3.47234356279e-05
-6.74039416781e-06
-1.29248109594e-06
-2.12034078154e-07
-2.74030855249e-08
-2.67044859989e-09
-1.92259282585e-10
-1.06281688301e-11
-5.75082881408e-13
-2.67140410422e-14
-2.91742669476e-15
-4.84712067233e-16
-0.00907434930349
-0.0221073907474
-0.00966076427514
-0.0065770449275
-0.00641431552079
-0.00831020555097
-0.0128595518242
-0.0230417923652
-0.0470422540964
-0.112663369267
-0.33023558051
-0.252170635222
-0.0249844890805
-0.000800689072175
-5.42159827744e-05
-9.13164821555e-06
-1.75711097886e-06
-2.92185553644e-07
-3.86580948492e-08
-3.92048516072e-09
-2.96125857507e-10
-1.72640081812e-11
-9.7462521286e-13
-4.35429305212e-14
-4.61748064361e-15
-7.47374914191e-16
-0.022935295859
-0.0331357058816
-0.0247913314829
-0.0105201621195
-0.00768947145943
-0.00878045433772
-0.0125290169013
-0.0213092476713
-0.041828902735
-0.094939588997
-0.268354647647
-0.308404169808
-0.0355834201207
-0.00152648598177
-7.92159095634e-05
-1.260801089e-05
-2.42472513813e-06
-4.05847580814e-07
-5.47455267361e-08
-5.73760686372e-09
-4.53068374471e-10
-2.77598794462e-11
-1.63016242508e-12
-7.10760165489e-14
-7.27244533699e-15
-1.15384550684e-15
-0.0341053453067
-0.0410304717401
-0.0362679691996
-0.0275324614991
-0.0125481159592
-0.0105233466976
-0.013180891799
-0.0203163559039
-0.0375503070448
-0.0809795027883
-0.210460488304
-0.352323283719
-0.0534295270308
-0.00283198449915
-0.000117491576999
-1.72517136664e-05
-3.36902416353e-06
-5.70419439301e-07
-7.80136964074e-08
-8.40812403225e-09
-6.89724491955e-10
-4.43129301257e-11
-2.70477935065e-12
-1.148457834e-13
-1.16606459503e-14
-1.77755512159e-15
-0.0420287513535
-0.0475456668819
-0.0442570794639
-0.0394057365124
-0.0339749746401
-0.0177749480784
-0.0157591464017
-0.021388102497
-0.0351573268625
-0.0704868577052
-0.169676507571
-0.38529129518
-0.0700685542106
-0.00520445971657
-0.000201006897217
-2.32915832495e-05
-4.62217737353e-06
-8.04122284514e-07
-1.12215265155e-07
-1.23594428227e-08
-1.04902220731e-09
-7.03921900494e-11
-4.44637855082e-12
-1.87423813673e-13
-1.88426210662e-14
-2.78880178105e-15
-0.0485699319005
-0.0536311216595
-0.0508567335763
-0.0474935140612
-0.0466967995178
-0.0504065564823
-0.0276356743273
-0.0253824107177
-0.0371524037352
-0.0651870107324
-0.144372695212
-0.396498452735
-0.0906369579055
-0.00962911938969
-0.00033199145847
-3.21479276228e-05
-6.27249344047e-06
-1.13042394662e-06
-1.62096765521e-07
-1.82882925643e-08
-1.59699785907e-09
-1.11542112944e-10
-7.29967562624e-12
-3.02889011863e-13
-3.08691261609e-14
-4.42661073862e-15
-0.0547536334062
-0.0618200990462
-0.0572723398581
-0.0541767427004
-0.0551067834214
-0.0647802759985
-0.0810399524894
-0.0463951815419
-0.0433727382673
-0.0688347233483
-0.132321545739
-0.340535224204
-0.102634056737
-0.0146805764213
-0.000646735133007
-4.45296094354e-05
-8.36005110059e-06
-1.57912227717e-06
-2.35176890266e-07
-2.71556583655e-08
-2.44207531472e-09
-1.76816472937e-10
-1.18992790777e-11
-4.98101995854e-13
-5.05425286188e-14
-7.13415565438e-15
-0.0631193639575
-0.0721265680836
-0.066025192232
-0.0609608628171
-0.061988488282
-0.0742185739363
-0.0973305140701
-0.138135752428
-0.082747837546
-0.0793514513269
-0.136743876403
-0.299910523747
-0.12221972498
-0.0194675856564
-0.00115469063567
-6.5509614877e-05
-1.11680608723e-05
-2.1860264598e-06
-3.40821899665e-07
-4.06360024335e-08
-3.74840640487e-09
-2.80885937867e-10
-1.9521336177e-11
-8.09837967268e-13
-8.4097767934e-14
-1.15550449352e-14
-0.0735836187619
-0.0871608501086
-0.0768615535721
-0.0702461124271
-0.069779136328
-0.0817726936704
-0.109035210707
-0.155570144125
-0.245200286341
-0.155546002155
-0.156778713089
-0.302244943709
-0.136842906422
-0.0235320722428
-0.00221902504023
-0.00010015814709
-1.49831967339e-05
-3.00937703687e-06
-4.91440335296e-07
-6.08960884029e-08
-5.79964252547e-09
-4.48158112532e-10
-3.18325378369e-11
-1.35185480911e-12
-1.39673685189e-13
-1.90138514249e-14
-0.0889219688782
-0.125568428873
-0.0928599783323
-0.0816860490231
-0.0802231258723
-0.0926377488559
-0.119424813245
-0.174215593909
-0.267484018852
-0.454936805428
-0.31178189511
-0.320957475765
-0.132662013754
-0.0308722609484
-0.00314299730115
-0.000161911178762
-2.0213874212e-05
-4.1120749056e-06
-7.03112551759e-07
-9.13821819803e-08
-9.01797629046e-09
-7.19769631083e-10
-5.2664318277e-11
-2.22545514625e-12
-2.37177836845e-13
-3.14176524748e-14
-0.128388071634
-0.133140077218
-0.134696315958
-0.0985858108297
-0.0932726915592
-0.105729199284
-0.134816513317
-0.190824551584
-0.304797021717
-0.440055493072
-0.304593508236
-0.226730370365
-0.117578432431
-0.0307953869899
-0.0040025183023
-0.000264663817505
-2.65244831338e-05
-5.56184479316e-06
-1.00712450419e-06
-1.37218492594e-07
-1.41161391037e-08
-1.1652300911e-09
-8.69319778013e-11
-3.80235676585e-12
-4.01161029393e-13
-5.29832459668e-14
-0.132586442013
-0.0760105179914
-0.131345244884
-0.143889058867
-0.112204811395
-0.123200917226
-0.15485712539
-0.217145995761
-0.339268084033
-0.366115340762
-0.249106454469
-0.14202988507
-0.0811475729733
-0.0312932806823
-0.00455848505302
-0.000331855162998
-3.51255667311e-05
-7.3422651733e-06
-1.42605656472e-06
-2.07280467335e-07
-2.22241538468e-08
-1.90483293865e-09
-1.46512049726e-10
-6.38548324024e-12
-7.00101172827e-13
-8.96729414178e-14
-0.075742246938
-0.0434661464231
-0.0751423191543
-0.129567267881
-0.165751021173
-0.146964080323
-0.180315263882
-0.252577439135
-0.387577246656
-0.31134933308
-0.211520111585
-0.122386336337
-0.0476179794639
-0.0202610114086
-0.00378293255324
-0.000471640850312
-4.43569674121e-05
-9.49969373626e-06
-2.00101826493e-06
-3.12348668564e-07
-3.53855251074e-08
-3.15441590824e-09
-2.4800513837e-10
-1.13338847396e-11
-1.21185794099e-12
-1.55944124297e-13
-0.0433280763839
-0.0244635679174
-0.0430189028798
-0.0742764174174
-0.125312786496
-0.198232470231
-0.212378051567
-0.290462015831
-0.307438118612
-0.252062259063
-0.183809108615
-0.104278589351
-0.0408099263489
-0.00906146611221
-0.00193348482297
-0.000347318242733
-5.20215624722e-05
-1.18070445689e-05
-2.7441253597e-06
-4.71677246203e-07
-5.70071412109e-08
-5.32244164505e-09
-4.33094662654e-10
-1.96359433973e-11
-2.23391708144e-12
-2.71611438163e-13
-0.0243771247472
-0.0136159213201
-0.0241874212769
-0.0425734521027
-0.0722223011203
-0.115604646354
-0.170010622775
-0.226222999933
-0.232976758762
-0.201509883588
-0.148616642433
-0.094326059217
-0.0388739351551
-0.00975921443742
-0.0014035286356
-0.000213444390653
-5.54363161552e-05
-1.39702530127e-05
-3.6846141643e-06
-7.08498896094e-07
-9.32962997444e-08
-9.21684438401e-09
-7.71239111186e-10
-3.72159113841e-11
-4.04993433973e-12
-5.00528104356e-13
-0.0135745087225
-0.00754442316747
-0.0134826522586
-0.02392179407
-0.0415207683847
-0.0675750108286
-0.101564956058
-0.136202084868
-0.167020291782
-0.155278431549
-0.120023707771
-0.0761858670352
-0.0380269552905
-0.0113029093643
-0.00269703081589
-0.000340313338536
-6.48435306505e-05
-1.74736909773e-05
-4.78451614366e-06
-1.06235610937e-06
-1.56745292834e-07
-1.6501482299e-08
-1.44962404269e-09
-6.89867124689e-11
-7.99033493369e-12
-9.17901565174e-13
-0.00752181770138
-0.00402526961894
-0.00747199738154
-0.0133519389965
-0.0233164177776
-0.0390248268878
-0.0605984643718
-0.0843213454446
-0.101725538308
-0.113834574282
-0.0941284428789
-0.0633713232959
-0.0330706077466
-0.0128772231549
-0.00403140443064
-0.00141073330991
-0.000166488778784
-2.75788000282e-05
-7.33755169051e-06
-1.61758731868e-06
-2.69030790537e-07
-3.14324449188e-08
-2.87654057935e-09
-1.47733805493e-10
-1.56484539276e-11
-1.8340651405e-12
-0.00401412338421
-0.00210977527448
-0.00398964876954
-0.00740191255422
-0.0130530118568
-0.0219703197117
-0.0351453965596
-0.0510322160482
-0.0648928109536
-0.0706773399782
-0.0713081470967
-0.0514868401655
-0.0289530115849
-0.0124604632143
-0.00454731144317
-0.00114065709409
-7.38553658888e-05
-1.38885007584e-05
-3.1360311669e-06
-5.00604742852e-07
-6.30222378488e-08
-6.41906358327e-09
-3.22793001645e-10
-3.54927521796e-11
-3.6429603594e-12
-0.00210594935923
-0.00107487746453
-0.00209746174361
-0.00395544529835
-0.00724266423745
-0.0123833267038
-0.0200458051452
-0.0302449170226
-0.0406146563421
-0.0465804684918
-0.0446327433739
-0.0401556062377
-0.0254396819948
-0.0117164692045
-0.00466552966524
-0.00146133733754
-3.91742661257e-05
-7.26231598011e-06
-1.32369982467e-06
-1.49623693625e-07
-1.59023938793e-08
-9.17746110752e-10
-8.21121827106e-11
-8.46207731534e-12
-0.00107300313738
-0.000513947550327
-0.00106874578966
-0.00208545827985
-0.00387810356702
-0.00688721524049
-0.0113975151305
-0.0175290927174
-0.024703230556
-0.0305548072866
-0.0323553038481
-0.0257662155899
-0.0205455472672
-0.0115769607953
-0.0046011305161
-0.00160057040864
-2.37534114898e-05
-3.86541179323e-06
-6.63813502573e-07
-4.83835217925e-08
-2.78930406681e-09
-2.65319658818e-10
-1.98669923178e-11
-0.000512963693882
-0.00022794373616
-0.000510769947679
-0.00106258419185
-0.00205738889183
-0.0037089319239
-0.0063665364126
-0.0100941144078
-0.0145709462912
-0.0190843410695
-0.0221247944331
-0.023782178812
-0.0140634192252
-0.00991600070928
-0.00520844899609
-0.00173796976647
-1.55782566323e-05
-2.56454511446e-06
-2.37499418019e-07
-1.38879042854e-08
-8.92760049008e-10
-6.76072932593e-11
-0.000227514044249
-9.8960426638e-05
-0.000226550468961
-0.000507644834902
-0.00104775827155
-0.00199209921635
-0.00347038134579
-0.00568508804714
-0.00852563658487
-0.0114402535149
-0.013924156866
-0.0154101877699
-0.0203673353443
-0.00714893321729
-0.00481800851539
-0.00281154888382
-1.07449145645e-05
-1.48000055343e-06
-7.73500703534e-08
-5.79051915016e-09
-2.37893157764e-10
-9.87128263568e-05
-9.81581759579e-05
-0.000225162941587
-0.000500301932919
-0.00101127277355
-0.00188366852131
-0.00316098873787
-0.00487831600617
-0.00681242144761
-0.00839712601718
-0.00935080980666
-0.00761239914166
-0.0035929429176
-0.00258452015922
-0.000565260941979
-3.02433725363e-06
-5.76604885853e-07
-3.86534214914e-08
-1.80701141515e-09
-9.73724269503e-05
-0.000221887995751
-0.000482716601168
-0.000951867706811
-0.00172321740701
-0.00277102820989
-0.00398994971354
-0.00507229991417
-0.00557093098996
-0.00391420814069
-0.0019989539707
-0.00111434880501
-0.000105823172281
-1.81491401101e-06
-8.22368397578e-06
-3.55973883988e-07
-1.33019867986e-08
-9.55840782836e-05
-0.000213858584111
-0.000454915652909
-0.000863966082911
-0.0015041037742
-0.00228922603971
-0.00302872126621
-0.00334300433118
-0.00219002389595
-0.00120858273103
-0.000494043885374
-3.43900712223e-05
-1.96376524594e-06
-1.48193095788e-06
-3.7531621248e-06
-1.6013266799e-07
-9.14133342186e-05
-0.000200591136837
-0.000413945148307
-0.000746908827649
-0.00122098839691
-0.00171053847474
-0.00195031225392
-0.00120409854849
-0.000769002954096
-0.000224319106004
-2.69624625402e-05
-1.68914223789e-06
-2.10366792029e-06
-4.46902585252e-06
-1.71966706293e-06
-8.51746402209e-05
-0.000181365277286
-0.000356768129596
-0.000606403482896
-0.000895802727918
-0.00106326327557
-0.0008220554517
-0.000116141652562
-0.000500543515448
-9.22031683825e-05
-9.17401329194e-06
-1.24993584755e-06
-1.6790545647e-06
-2.51459501702e-06
-8.52488323917e-07
-7.68107726231e-05
-0.000156632315889
-0.000286439945681
-0.000451371411615
-0.000582726550281
-0.000521023896023
-0.00024212737053
-3.79326613348e-05
-0.000332311812947
-3.64037442457e-05
-2.02772092377e-06
-8.87252202074e-07
-1.15137632005e-06
-1.1273912539e-06
-4.3992424886e-07
-6.66899652952e-05
-0.000127545490681
-0.000211964857314
-0.00029463227086
-0.00032059467547
-0.000216471032287
-6.08690739986e-05
-1.21237258074e-05
-0.000191472040056
-1.02694602899e-05
-3.79102898577e-07
-6.20638519004e-07
-7.23186915717e-07
-5.18689459584e-07
-5.54995280457e-05
-9.69545350519e-05
-0.000144941682465
-0.000170991774832
-0.000150350761854
-7.91615728519e-05
-1.34193501934e-05
-3.92191432363e-06
-9.1414680188e-05
-9.57346320289e-05
-1.0992788815e-06
-4.18053666688e-07
-4.41454345649e-07
-2.54417233896e-07
-4.38975788828e-05
-6.86132950251e-05
-9.02482883658e-05
-8.89475886565e-05
-6.14099008441e-05
-2.50874937734e-05
-3.13059399424e-06
-1.25670953911e-06
-2.20690167354e-05
-3.41595639926e-05
-1.90444677538e-05
-3.33992624651e-07
-2.63435622377e-07
-1.27812259082e-07
-3.26072552326e-05
-4.48976675335e-05
-5.06250420313e-05
-4.11506244562e-05
-2.13722317847e-05
-6.72047638935e-06
-9.34263571654e-07
-4.52021907603e-07
-2.61327522321e-06
-1.21996544864e-05
-1.52174700827e-05
-5.11727846245e-06
-1.66928798797e-07
-6.66004095808e-08
-2.25420485334e-05
-2.6955181838e-05
-2.53109685328e-05
-1.64429160229e-05
-6.33312249993e-06
-1.80803637418e-06
-3.59769636628e-07
-2.08312223e-07
-2.23306248862e-06
-7.30647475095e-07
-7.04890951353e-06
-6.18192266783e-06
-1.56803421302e-06
-3.34596493323e-08
-1.4369850496e-05
-1.47158818334e-05
-1.11676483721e-05
-5.55348246497e-06
-1.79160128331e-06
-6.07273282602e-07
-2.08868882965e-07
-5.92759250765e-07
-1.70323804298e-06
-7.40961198383e-07
-1.84678819698e-07
-3.56387214007e-06
-2.79556123435e-06
-8.34339597897e-06
-7.19827352108e-06
-4.31217761772e-06
-1.69959194446e-06
-6.0899772173e-07
-2.47810493814e-07
-3.18716472185e-07
-1.28215838282e-06
-1.23007597533e-06
-6.40128697112e-07
-1.59494208709e-07
-1.97071351081e-06
-4.37402173174e-06
-3.07371451248e-06
-1.47205530758e-06
-5.81754805276e-07
-2.40180653802e-07
-2.09190913638e-07
-6.08149178153e-07
-1.05233026111e-06
-8.2613468459e-07
-4.9430340072e-07
-1.35491524606e-07
-2.04766551956e-06
-1.15302666973e-06
-5.20695541961e-07
-2.26289963814e-07
-1.43082117199e-07
-3.11183543802e-07
-5.74596610787e-07
-5.53791300086e-07
-3.53466620932e-07
-9.68766552594e-08
-8.64427428408e-07
-4.29707096252e-07
-2.04576980706e-07
-1.10295673792e-07
-1.66728843199e-07
-3.19434990161e-07
-3.65750077759e-07
-2.39788816445e-07
-6.70879155571e-08
-3.47595941856e-07
-1.75886137793e-07
-9.05133674342e-08
-9.68808734125e-08
-1.78638102241e-07
-2.31682651173e-07
-1.53023699379e-07
-4.38505225148e-08
-1.4646727211e-07
-7.69784955472e-08
-6.06527949273e-08
-1.02084488e-07
-1.35820307013e-07
-8.10219275913e-08
-2.57975467814e-08
-6.41752460641e-08
-4.26382014051e-08
-5.79888242218e-08
-8.02001068892e-08
-5.10967036819e-08
-1.80523767746e-08
-3.12563081127e-08
-3.47989220452e-08
-4.57963046558e-08
-3.41580581185e-08
-1.99305273881e-08
-2.11044116709e-08
-2.7400455187e-08
-2.25845421225e-08
-1.70437429878e-08
-1.57722449395e-08
-1.46496963376e-08
-1.29968920698e-08
-9.30611972756e-09
-9.00331640309e-09
-6.03235402255e-09
)
;

boundaryField
{
    inletfuel
    {
        type            calculated;
        value           uniform 0;
    }
    inletair
    {
        type            calculated;
        value           uniform 0;
    }
    outlet
    {
        type            calculated;
        value           uniform 0;
    }
    leftside
    {
        type            calculated;
        value           uniform 0;
    }
    burnerwall
    {
        type            calculated;
        value           uniform 0;
    }
    front
    {
        type            wedge;
    }
    back
    {
        type            wedge;
    }
    reacting_to_fluid
    {
        type            calculated;
        value           uniform 0;
    }
    reacting_to_solid
    {
        type            calculated;
        value           uniform 0;
    }
}


// ************************************************************************* //
