/*--------------------------------*- C++ -*----------------------------------*\
  =========                 |
  \\      /  F ield         | OpenFOAM: The Open Source CFD Toolbox
   \\    /   O peration     | Website:  https://openfoam.org
    \\  /    A nd           | Version:  10
     \\/     M anipulation  |
\*---------------------------------------------------------------------------*/
FoamFile
{
    format      ascii;
    class       volScalarField;
    location    "0.3/reacting";
    object      EDC:kappa;
}
// * * * * * * * * * * * * * * * * * * * * * * * * * * * * * * * * * * * * * //

dimensions      [0 0 0 0 0 0 0];

internalField   nonuniform List<scalar> 
1571
(
0.562760264794
0.919817548683
0.86439028364
1
1
0.981299659947
1
1
1
1
1
1
1
1
1
1
1
1
1
1
1
1
1
1
1
1
1
1
1
1
1
1
1
1
1
1
0.992983392391
0.770558082011
1
1
1
1
1
1
1
1
0.822973283986
0.492836940058
0.380474966779
1
1
1
1
1
1
1
1
0.591767487044
0.453452027806
0.408406114704
0.391516814343
1
1
1
1
1
1
1
1
0.453375759729
0.4255293798
0.412974716554
0.404070666285
0.400522352928
1
1
1
1
1
1
1
1
1
0.378561092047
0.415446781445
0.411112185236
0.408503712042
0.408524407761
1
1
1
1
1
1
1
1
1
0.42416831969
0.400658807332
0.414616462414
0.412579300969
0.411878324747
0.412231264669
1
0.975861888745
1
1
1
1
1
1
1
0.588793351165
0.385954889837
0.409653664957
0.414698155291
0.413961189836
0.413497114868
0.414070048206
0.99678392075
0.963134454192
1
1
1
1
1
1
1
0.81505115174
0.398667548092
0.404206549509
0.413205830674
0.415025521957
0.414190578931
0.414572240368
0.415096928164
0.980666488811
0.940937665186
1
1
1
1
1
1
1
1
0.429867373133
0.398352547591
0.411450228921
0.414846063265
0.416112868337
0.415704222514
0.415445446186
0.415694786146
0.968406842673
0.936182184567
1
1
1
1
1
1
1
1
0.473748441156
0.396316442334
0.408980501616
0.414089066405
0.41561018676
0.415586303292
0.415641941306
0.415770836517
0.415942240836
0.965882971208
0.961843195159
1
1
1
1
1
1
1
1
0.516944188625
0.401569857506
0.406115525195
0.41324591019
0.415454329058
0.415950025956
0.415803218916
0.415825893294
0.415933099779
0.416148526924
0.987938175715
0.997038433197
1
1
1
1
1
1
1
1
0.570039429488
0.41130971444
0.40410682475
0.412453384794
0.415220119715
0.415943307061
0.41621757856
0.415858668733
0.415924670645
0.416084089564
0.416136864146
1
1
1
1
1
1
1
1
1
1
0.615434450215
0.424512274926
0.403122729244
0.411287404174
0.4149277481
0.415914822994
0.41628747612
0.416211987744
0.415871163522
0.416014342013
0.416069215065
0.416257750256
1
1
1
1
1
1
1
1
1
1
0.659856558726
0.436882571385
0.403231741029
0.410145308445
0.414549247707
0.415862392107
0.416352251585
0.416291441096
0.416337356905
0.415887674528
0.415995148738
0.416177283852
0.416114328176
1
1
1
1
1
1
1
1
1
1
0.730158444391
0.451460229538
0.404483655636
0.409058403284
0.414137850171
0.41577613485
0.416409971278
0.416372273024
0.416413184769
0.41617909826
0.415875259328
0.416076014753
0.416052187468
0.416263267523
1
1
1
1
1
1
1
1
1
1
0.809990544482
0.468189977962
0.408077340801
0.408249197106
0.413625694853
0.415671519893
0.41645192335
0.416453299971
0.416490075561
0.416242153152
0.416300187652
0.415907993548
0.41597481131
0.416197097603
0.416122781556
1
1
1
1
1
1
1
1
1
1
0.891769079359
0.490125636126
0.411767068554
0.407809580006
0.413146322615
0.415523831789
0.416478086242
0.416528271047
0.416563803531
0.416313297029
0.416278310016
0.416061220556
0.415866211885
0.416095841054
0.416108914724
0.436420754228
1
1
1
1
1
1
1
1
1
1
0.98672324192
0.508852912122
0.417949090233
0.407380702629
0.412628691045
0.415371037995
0.416481165428
0.416594727565
0.416636035136
0.416384135985
0.416209050339
0.416009230436
0.439994995644
0.41592224365
0.416011932895
0.432309181854
1
1
1
1
1
1
1
1
1
1
1
1
0.531905905132
0.423594460923
0.407684390468
0.412090740075
0.415176562982
0.416465803283
0.416647878098
0.416698594519
0.416454798429
0.416093315257
0.416134270126
0.445097907914
0.951901441051
0.415837700425
0.427627002578
1
0.560082902586
1
1
1
1
1
1
1
1
1
1
1
0.569106004097
0.431132314768
0.408280788504
0.411672861761
0.41496255416
0.416426492375
0.416684321604
0.416755920345
0.416504059425
0.415977259171
0.416332963032
0.450244685881
0.926152173475
0.592566938255
0.419855037771
1
1
1
1
1
1
1
1
1
1
1
1
1
0.61587896542
0.441386208417
0.409333475656
0.411261181742
0.414733679313
0.416375160272
0.416706681806
0.416800104347
0.416537021964
0.415861122445
0.416561453748
0.454860132324
0.899714205473
0.598263379596
0.693109673623
1
1
1
1
1
1
1
1
1
1
1
1
0.666522367213
0.451182129505
0.411799785717
0.410975990685
0.414484934996
0.416310886258
0.416712672594
0.416842425947
0.416537615252
0.41578747553
0.416737210943
0.461027901248
0.876212938111
0.602838458639
0.616504368858
1
1
1
1
1
1
1
1
1
1
1
0.790523905057
0.46301098341
0.413871792847
0.410774208578
0.414248206637
0.416246672569
0.416713167962
0.416872880268
0.416525624763
0.415742117747
0.416957230201
0.468353060236
0.863408758697
0.613813419903
0.602653307587
1
1
1
1
1
1
1
1
1
1
1
0.945163662953
0.484559236693
0.417687581335
0.41072743798
0.413964897129
0.416175338614
0.416708637699
0.416911323001
0.416489526781
0.41575223047
0.41717666891
0.477207604303
0.850484503707
0.625327161551
0.615063425707
1
1
1
1
1
1
1
1
1
1
1
1
0.511798504624
0.422310644997
0.410764963788
0.413716324132
0.416087012293
0.41670380796
0.416943735389
0.416460056775
0.415766710966
0.417572000272
0.486522030005
0.846683871148
0.636940096002
0.647092669509
1
1
1
1
1
1
1
1
1
1
1
1
0.546736290613
0.429192022888
0.411321544051
0.413451264256
0.415989134535
0.416695180129
0.416990140339
0.416419537403
0.415837222838
0.418047171808
0.496691366699
0.838066499644
0.650999889646
0.691811537512
1
1
1
1
1
1
1
1
1
1
1
1
0.618418363234
0.435000990054
0.412034632693
0.413205715627
0.415852176983
0.416678519454
0.417027915013
0.416405327375
0.415902731407
0.418800036429
0.506654478272
0.83610173947
0.667403053133
0.746493942231
1
1
1
1
1
1
1
1
1
1
1
1
0.729054441961
0.447980907327
0.413563851887
0.413016391718
0.415706359138
0.416653092203
0.417069258458
0.416384852378
0.416030194498
0.419652396719
0.517302463503
0.832410405646
0.68700286773
0.811328771095
1
1
1
1
1
1
1
1
1
1
1
1
1
0.463236237722
0.415481234497
0.412902720822
0.415524407304
0.416627266565
0.417100945923
0.416388975578
0.41613950024
0.420841344711
0.527145778985
0.828738695724
0.709727746425
0.887637987939
1
1
1
1
1
1
1
1
1
1
1
1
1
0.505770574255
0.418715293489
0.412668955046
0.415334082849
0.416590714851
0.41713552897
0.416392665927
0.41631623671
0.422103736836
0.537787069571
0.825267952
0.735415999744
0.977650180819
1
1
1
1
1
1
1
1
1
1
1
1
1
0.558956497086
0.424531215781
0.412592214752
0.415040802192
0.416539508636
0.417164647681
0.416425448535
0.416472308062
0.423731230048
0.547131089292
0.821918038075
0.764080555296
1
1
1
1
1
1
1
1
1
1
1
1
1
1
0.61108958923
0.431736013451
0.412677731008
0.414786913038
0.416441455632
0.417175299234
0.416466409066
0.416714299261
0.425389777318
0.557179844237
0.818222237052
0.795357088417
1
1
1
1
1
1
1
1
1
1
1
1
1
1
0.746869616271
0.439900738291
0.413389128829
0.414506767755
0.416284644862
0.417171425481
0.416509149346
0.416940038753
0.427437762397
0.565995401463
0.814738254657
0.828820312642
1
1
1
1
1
1
1
1
1
1
1
1
1
1
1
0.462187809726
0.414705679885
0.414018156576
0.416081563625
0.417135768605
0.416563964621
0.417250103847
0.429457749323
0.57555341709
0.810439888462
0.864180033988
1
1
1
1
1
1
1
1
1
1
1
1
1
1
1
0.520089706022
0.418668800708
0.413929444903
0.415759576251
0.417081230361
0.416608337927
0.417555147652
0.431862655199
0.583644756312
0.806650468471
0.900365734402
1
1
1
1
1
1
1
1
1
1
1
1
1
1
1
0.564088016501
0.424815429923
0.413784496613
0.415617485001
0.417013556772
0.416654540522
0.417952075837
0.4341995377
0.592542862531
0.801348214227
0.93744506014
1
1
1
1
1
1
1
1
1
1
1
1
1
1
1
0.641074298116
0.431660309281
0.413449391254
0.415247423199
0.41693921937
0.416695079669
0.418329714029
0.436892617451
0.599947511968
0.797360567947
0.974180367707
1
1
1
1
1
1
1
1
1
1
1
1
1
1
1
0.818209036765
0.44308089131
0.413420698166
0.414939377529
0.416708808869
0.416742115249
0.418836602062
0.43947365529
0.608036984705
0.791317915671
1
1
1
1
1
1
1
1
1
1
1
1
1
1
1
1
1
0.473480115196
0.415891119379
0.41453051638
0.41655442738
0.416750605622
0.419294335474
0.44238212239
0.614816096215
0.786961242355
1
1
1
1
1
1
1
1
1
1
1
1
1
1
1
1
1
0.502882658648
0.419411135078
0.414661160585
0.41626606433
0.416829092159
0.419859173772
0.445159690758
0.621917979223
0.779674863231
1
1
1
1
1
1
1
1
1
1
1
1
1
1
1
1
1
0.563444806122
0.424350250906
0.414229882355
0.416080722913
0.416855950531
0.420416663226
0.448154831018
0.628292716189
0.77468141162
1
1
1
1
1
1
1
1
1
1
1
1
1
1
1
1
1
0.667850085752
0.43365862934
0.414166784591
0.415640043258
0.416871833997
0.421044384844
0.451096474735
0.634029641972
0.76574975001
1
1
1
1
1
1
1
1
1
1
1
1
1
1
1
1
1
0.8222740509
0.451027232583
0.414914543568
0.415651719413
0.41695269282
0.421622521396
0.454013662761
0.63965330513
0.760033849754
1
1
1
1
1
1
1
1
1
1
1
1
1
1
1
1
1
1
0.471824059642
0.418195193244
0.415394493962
0.416995972853
0.422343784243
0.457087801874
0.645072601371
0.748320263854
1
1
1
0.906216860994
1
1
1
1
1
1
1
1
1
1
1
1
1
1
0.513739380848
0.420345707014
0.415638750177
0.417081576968
0.422961357424
0.459745915323
0.649199816024
0.741491568314
1
1
0.90399725081
0.815626249079
0.899206853815
1
1
1
1
1
1
1
1
0.907925766311
0.713258673031
1
1
1
0.564655034461
0.429554614864
0.415409632759
0.417042561051
0.423667008401
0.462950039951
0.654321082004
0.731098978285
1
1
0.814279631801
0.747077299552
0.811326560902
0.892697671743
1
1
1
1
1
1
0.96435712733
0.781871176657
0.514049439538
0.321898242983
0.986494116577
1
0.620641527456
0.436505309959
0.41666835381
0.4174431461
0.424163629257
0.46480300157
0.656510438728
0.719229015548
1
1
0.746349723176
0.711375357269
0.744820364131
0.807191884603
0.878243944789
0.957502563902
1
1
1
0.959838881565
0.8367236848
0.65298775879
0.464827712688
0.286081146016
0.193067384911
0.253065141601
0.469969627748
0.443111722558
0.41712226749
0.417240072119
0.424842727981
0.46781476734
0.661515271413
0.712167616808
1
1
0.71125693849
0.696844113815
0.710954500057
0.742830976317
0.79781919305
0.84857368706
0.889285709064
0.914045833956
0.959713680505
0.877805155584
0.748392564632
0.599567896607
0.429198179312
0.281247555245
0.240017882103
0.179061656518
0.137392257846
0.353369267571
0.411702398817
0.416174873029
0.424742825304
0.468572065801
0.660512163446
0.699034785524
1
1
0.696856096499
0.685568761174
0.69688151748
0.710439621985
0.738506473021
0.777658570251
0.808181229374
0.815855662939
0.802751862503
0.811992533824
0.717457340692
0.566527117161
0.419384841522
0.29785916655
0.279823571953
0.595195082001
0.347752375147
0.125274545124
0.324966023937
0.406778301336
0.422451715177
0.469766068604
0.66496368931
0.691235913971
1
1
0.685230135847
0.62399028988
0.684487423634
0.696918563953
0.709246495138
0.730097689433
0.750044431729
0.755345213536
0.732086896051
0.695593389133
0.685308739592
0.568950457555
0.424707064467
0.309225457679
0.270796185198
0.642885248173
0.361042389674
0.12060758354
0.314700299617
0.411994872214
0.463398026255
0.655759311616
0.685699498586
1
1
0.623726890302
0.564874072733
0.623148971642
0.683448575125
0.696998140536
0.707049585798
0.721379670133
0.724549626642
0.71155576205
0.659176901083
0.583071679085
0.580911886445
0.448018597737
0.323213232041
0.270686757359
0.662882162689
0.360880656208
0.116167398627
0.310398525969
0.447656075034
0.664449379111
0.680114063177
1
1
0.564165458858
0.465143743669
0.562564238775
0.622343333948
0.681098559544
0.697255523571
0.705376646117
0.713419839539
0.705527536116
0.686172883052
0.627628146004
0.49029700312
0.481666242909
0.359642915021
0.283056339762
0.685447323792
0.356532748067
0.110263313627
0.312696347284
0.61052788121
0.680381972793
1
1
0.464779657623
0.423743920548
0.464000811317
0.560278801946
0.620480041686
0.675970849169
0.69796183947
0.706519919921
0.713358548713
0.705309512496
0.71121990723
0.725190439078
0.426994241418
0.389243947834
0.303189515825
0.69787544525
0.347578883343
0.10291854286
0.477701872853
0.718716450007
1
1
0.423571782918
0.361119746763
0.423179837032
0.46292567629
0.555028465572
0.616460943445
0.669882261692
0.699975830761
0.715524353277
0.734686271939
0.756500663164
0.909698854855
1
0.451353102018
0.325733785784
0.479512519489
0.320255512676
0.171851939303
0.660091184682
0.95876199375
1
0.36092919065
0.360507645799
0.422601446886
0.460503377695
0.543089973912
0.608022559462
0.664002793335
0.705175642903
0.742490153154
0.814193700386
0.995672702462
1
0.428158155814
0.336446374225
0.31302282632
0.112690476448
0.388386536461
0.943017891727
1
0.359915146461
0.421200802479
0.455342998512
0.526198408982
0.592306146764
0.658535213657
0.721426793476
0.809966865028
1
1
0.400605022169
0.323127262519
0.350922554369
0.129870423262
0.314003593661
0.745272051234
1
0.358582592059
0.417507324522
0.448326295116
0.505330830596
0.565995550413
0.644704558667
0.757883355243
0.987961318999
1
0.369988143873
0.307202158354
0.342752566654
0.158911679501
0.204084031139
0.327187571889
1
0.355622170169
0.410755362652
0.438648483329
0.48329802244
0.530812750678
0.606936849743
0.80087262887
1
0.347889109942
0.265052158148
0.319286770165
0.176441094617
0.315171924119
1
0.342365637052
0.351476069814
0.400862590697
0.423961187405
0.461880668515
0.493153228799
0.541456074567
0.779732840723
0.48121261235
0.342313989527
0.218340287787
0.30083984895
0.183739498554
0.389167203234
1
0.349966308312
0.346067733407
0.388685400503
0.40429095151
0.440091837595
0.4622725438
0.469767748229
0.662854208323
0.469230059586
0.341356354572
0.195331173593
0.277563191749
0.189519863849
0.472272648409
1
0.363724953219
0.339955982643
0.374240891039
0.382814830772
0.408889289834
0.428552332328
0.414739331638
0.571846102141
0.456334147423
0.25872681071
0.216785023664
0.315453758556
0.201205172849
0.532447250996
1
0.333962027578
0.35795671464
0.365031649549
0.380299939855
0.394972030714
0.379171342751
0.474307033893
0.437274514454
0.215992451686
0.579852629591
0.261591523129
0.209430672958
0.606053451099
1
0.327841334055
0.342634493885
0.349302002458
0.35844432367
0.369629435719
0.354545432275
0.37101252013
0.414696522861
0.200039882239
0.228169337709
0.675575033172
0.233744757996
0.654361552823
1
0.320548714195
0.329014346272
0.335128824782
0.340882415565
0.348755525572
0.318130866443
0.287588347121
0.405900456097
0.228196048221
0.206364747202
0.237387631931
0.63529366172
0.807712036112
1
0.312268846045
0.317043689686
0.322384393834
0.328369416495
0.317919034553
0.256528430104
0.259331033565
0.371167199359
0.242086662994
0.659630095493
0.209448911464
0.248374683959
0.685207778451
1
0.303689164632
0.306838807193
0.308876879507
0.306578521365
0.261262372635
0.223074508013
0.264041672317
0.460032347839
0.242663815137
0.709039915034
1
0.20860530656
0.251484610963
0.295112500267
0.2979429571
0.29382413515
0.26074723683
0.221852173282
0.217153493219
0.303981260956
0.255674117019
0.256896848746
0.73125157411
1
0.210315387153
0.285658306786
0.285873815073
0.261190666155
0.218984996166
0.208054322387
0.241686289376
0.245557836721
0.215825457862
0.25818511173
0.813172028811
1
0.273676372792
0.259342467656
0.223508989659
0.19946995688
0.21513017346
0.227422916251
0.217415992937
0.272150897381
0.861182725913
1
0.256068203366
0.223351625779
0.200895120955
0.197896235368
0.214225726546
0.219094547394
0.294560085339
0.915836228105
1
0.229894295324
0.199765091661
0.193227121564
0.203148954999
0.221182332711
0.317625777219
1
1
0.20861087459
0.191258406768
0.198247921552
0.224793327541
0.319786778903
0.722507524449
1
0.198085814505
0.196325349953
0.224762641228
0.325651366064
0.565956503797
0.504145759846
0.199860705827
0.225424172737
0.314723617586
0.527761121198
0.641121630399
0.225709691988
0.316071928778
0.506879568982
0.764891576136
0.303562989631
0.510157636417
0.85434379077
0.509905854576
0.920517387162
0.997918057618
)
;

boundaryField
{
    inletfuel
    {
        type            calculated;
        value           uniform 0;
    }
    inletair
    {
        type            calculated;
        value           uniform 0;
    }
    outlet
    {
        type            calculated;
        value           uniform 0;
    }
    leftside
    {
        type            calculated;
        value           uniform 0;
    }
    burnerwall
    {
        type            calculated;
        value           uniform 0;
    }
    front
    {
        type            wedge;
    }
    back
    {
        type            wedge;
    }
    reacting_to_fluid
    {
        type            calculated;
        value           uniform 0;
    }
    reacting_to_solid
    {
        type            calculated;
        value           uniform 0;
    }
}


// ************************************************************************* //
