/*--------------------------------*- C++ -*----------------------------------*\
  =========                 |
  \\      /  F ield         | OpenFOAM: The Open Source CFD Toolbox
   \\    /   O peration     | Website:  https://openfoam.org
    \\  /    A nd           | Version:  10
     \\/     M anipulation  |
\*---------------------------------------------------------------------------*/
FoamFile
{
    format      ascii;
    class       volScalarField;
    location    "0.3/reacting";
    object      edc::tauStar;
}
// * * * * * * * * * * * * * * * * * * * * * * * * * * * * * * * * * * * * * //

dimensions      [0 0 1 0 0 0 0];

internalField   nonuniform List<scalar> 
1571
(
0.00190979839343
0.000972929580344
0.00101852786883
0.000192777178222
0.00066038938367
0.000899830620542
0.00019247026686
0.000627688649523
0.000831610586093
0.000194182006042
0.000535199350869
0.000719908629229
0.000146717370115
0.000375256399283
0.000565878215475
0.000121524106327
0.00157243832128
0.000301544279361
0.000500374399165
0.000131062403095
0.000188606622396
0.00191883022039
0.000276871302294
0.000428753611095
0.000141149249728
0.000161946591673
0.000351869834105
0.0181101312653
0.0128708951203
0.000256190907033
0.000378911973073
0.000167120020278
0.000165085768639
0.000255652694408
0.000547383214271
0.0182548623095
0.0759824127454
0.0787665643769
0.000250731439347
0.000353479669538
0.000182842815919
0.000184881707386
0.00027700442286
0.000389011502219
0.00246265659482
0.0182569035421
0.103238431556
0.17384043976
0.177612634093
0.000254800053089
0.000346264240569
0.000204051332277
0.000198246892266
0.000291797858118
0.000415161675697
0.000747318929248
0.0253928342711
0.152709835319
0.20981874394
0.225019919768
0.223598891538
0.000269468217791
0.000353966693894
0.000228940456391
0.000216442621954
0.000305021524221
0.000431491948966
0.00071276713853
0.00506572980463
0.133232815185
0.239538793389
0.241055831255
0.24269609107
0.242467293799
0.00028888295181
0.000370333121099
0.000258030085333
0.000239495833621
0.000329111225455
0.000456777728531
0.000707120342542
0.00335373398451
0.0403758177173
0.225707720888
0.247906479365
0.247497704894
0.247382824302
0.248350612368
0.000316163635827
0.000399402725676
0.000290694205794
0.000267071368462
0.000349132711477
0.000490113533213
0.000702962904887
0.00295530276152
0.0214405828328
0.165470729241
0.244256594733
0.249474056992
0.249130291682
0.249554203954
0.250873721422
0.000349188390052
0.000426983569502
0.000325636301644
0.000298321565219
0.000373302994169
0.000515722943699
0.000702055623835
0.00217982562752
0.0156504057942
0.0984464245485
0.235530106329
0.250195430339
0.249720856919
0.249980716504
0.251003542635
0.252091944396
0.000389537866032
0.000464983212741
0.000366059370546
0.000332187868629
0.000395359143949
0.000550057110892
0.000727004159058
0.00168434371657
0.0141310537807
0.0683306168824
0.208525346285
0.248669271922
0.252267500911
0.249832616451
0.250958315648
0.251825496007
0.252767018755
0.000435246909265
0.000516311058347
0.000412740653133
0.000371305739432
0.00042064826251
0.000572691998535
0.000769427334731
0.00131044654141
0.0121329923251
0.0551633838054
0.176643825293
0.245027112068
0.252376439067
0.253427445267
0.249302349737
0.250748932645
0.252039609562
0.253107511339
0.000487761606224
0.000575405353268
0.000464721360922
0.000417695884567
0.000448318123813
0.000608564147067
0.000795928149046
0.00116527454102
0.0104394934426
0.0487237984203
0.150557810909
0.237704737517
0.252176389763
0.254093654578
0.253977413602
0.249583724338
0.251096082562
0.252272223484
0.253252945725
0.000549108259002
0.000642937816842
0.000525307053089
0.000466510281896
0.000489312390993
0.000633069013919
0.000846258932282
0.00120590667019
0.00887911549303
0.0439047218406
0.131938481847
0.2272328219
0.251512910331
0.254699662777
0.254854068774
0.254183390163
0.249537250976
0.251225108754
0.252374206675
0.253398784606
0.000619813573893
0.000722318816139
0.000596168122242
0.00052447408747
0.000519390119894
0.000667588961839
0.000876908719471
0.00124645885141
0.00733492385711
0.0402247865623
0.11693223844
0.215325769219
0.250233107819
0.255045207201
0.25573703157
0.255141542998
0.254375817681
0.249532293138
0.251283847908
0.252479634551
0.253376811635
0.00070171811681
0.000812766859576
0.000678609946106
0.000593361398445
0.000567073951832
0.000689824364506
0.000928093189175
0.00126694789724
0.00508474176271
0.0376894345797
0.107414469596
0.203578594542
0.248023624928
0.255518805318
0.256610301581
0.256126836077
0.255388934883
0.254351222991
0.24953897847
0.251345689452
0.252459288511
0.253477393736
0.000794296652816
0.000912309613108
0.00077169137379
0.000673643740843
0.000629404889405
0.000729316218379
0.000959331222444
0.00128702358487
0.00332177945528
0.033412159541
0.100830092418
0.193620228323
0.245322273421
0.255919432052
0.257498508388
0.257131016848
0.256442435422
0.255365139417
0.25445958176
0.249549375045
0.251328406515
0.252543522491
0.253361382344
0.000895666405762
0.00102244405744
0.000873499779422
0.000764003391653
0.000701260521697
0.000771955155798
0.00100860960881
0.00133333901865
0.00229519387716
0.0274547590011
0.0927580045201
0.183897512342
0.242286024316
0.256321786006
0.258388684033
0.258171716629
0.257526922111
0.256420880184
0.255480466637
0.254326562207
0.249540174483
0.251390031058
0.252444877686
0.253479825316
0.00100754244171
0.0011463292739
0.000986332266888
0.000863021887612
0.000781589392378
0.000837828545881
0.00104102419793
0.00138707088198
0.00222366452851
0.02237913707
0.0848590239007
0.174557277851
0.238156008909
0.256550423132
0.259340628638
0.259223167189
0.258654210044
0.257515643729
0.256537690661
0.255334672533
0.254431954416
0.249561788958
0.251314059367
0.252555377962
0.252764008885
0.00113300401177
0.00128584655368
0.00111298967641
0.000974253574553
0.000871124820241
0.00089079951128
0.00109502841358
0.00142250433856
0.00208628660533
0.0193138877233
0.0788024901452
0.164693868423
0.234257194235
0.256533306844
0.260258525283
0.260334983134
0.259804004545
0.258652611
0.257638611034
0.256383289178
0.255391147191
0.25340539309
0.249533161026
0.251404331549
0.252083091496
0.236271137847
0.0012739509565
0.00144266606702
0.0012552725624
0.00109993157258
0.000976350764483
0.000961613938741
0.00113828098094
0.00148135576871
0.00206424249528
0.0137575972796
0.0735749157413
0.157542691355
0.228886112964
0.256445700952
0.261245304383
0.261450568337
0.261002902166
0.259825871948
0.258775496669
0.257484146776
0.25634479478
0.254025590048
0.233398549778
0.249572647157
0.251128930626
0.238750112078
0.0626469015974
0.0014321209067
0.00161818538861
0.00141489869177
0.00124172288425
0.00109687626075
0.00106073274038
0.00118352118423
0.00153862445517
0.00211847168632
0.00780522595249
0.0642782992641
0.150225459171
0.224237536634
0.255726189871
0.262231826691
0.262647729264
0.262221329693
0.261039248739
0.259959716114
0.258622856866
0.257314893705
0.254687716079
0.22856181123
0.0564166914299
0.249521216424
0.242039049918
0.0668696296958
0.0364030471616
0.00160878697984
0.00181357873603
0.00159287909317
0.00140120796856
0.00123450367066
0.0011692574095
0.00127645267142
0.00157972490476
0.00215402605504
0.00525736428347
0.0506225298728
0.140411158656
0.218829211479
0.254926396137
0.263172216602
0.263849023046
0.263497169628
0.262289479607
0.261177931602
0.259810601591
0.258302082917
0.255392868392
0.222325670248
0.0509651197972
0.0168426313923
0.246142276769
0.0675984687889
0.0181128001906
0.00180513551045
0.0020297833609
0.00179040214813
0.0015791756737
0.00139053279983
0.00129489918091
0.00135661197232
0.00166008357466
0.00213329933437
0.00364794518658
0.0401053697052
0.129652698717
0.212042440195
0.253954645433
0.264131222874
0.265123751511
0.264799209641
0.263581444182
0.262452366065
0.261018852455
0.259350222222
0.256025272209
0.215796469053
0.0476907617537
0.0138493813195
0.018112805982
0.0691333049728
0.00202213348921
0.00226963362131
0.0020084409541
0.00177684749094
0.0015656943885
0.00144040636381
0.00146132500725
0.00172558159384
0.00221620325121
0.00325905776173
0.0268803479959
0.120495550027
0.205639339803
0.25198566313
0.26505805718
0.266406326151
0.266174165925
0.264917342859
0.263758079035
0.262280087875
0.260448748696
0.256564639738
0.209087487457
0.0454923642157
0.0138537353946
0.0181128517824
0.00226272006688
0.0025352622336
0.00225009979452
0.00199516424431
0.00176128820689
0.00160704060499
0.00159826218374
0.00179870886748
0.00227527213347
0.00320351330292
0.0181685099036
0.102625701221
0.199039544492
0.25036744011
0.265794827904
0.267792149807
0.267580165636
0.26630294065
0.265136868144
0.263550856546
0.261634001679
0.256944832241
0.202679556046
0.044003265819
0.014126469415
0.0181129153713
0.00252893641635
0.00282882043609
0.00251717726364
0.00223737666318
0.00197821937949
0.00179397813741
0.0017525971962
0.00190721294906
0.00233680852005
0.00323609498205
0.0119351080068
0.0873810313501
0.188220724456
0.247427238737
0.266417559645
0.269118534354
0.269086049594
0.267738992125
0.266546687534
0.264895857624
0.262859688758
0.257245184366
0.196368655744
0.0433173166745
0.0149880396884
0.0181129674514
0.00282293598849
0.00314947678218
0.00281180515765
0.00250487094218
0.00221994239961
0.00200386615869
0.0019214232952
0.00203542302268
0.00241602609184
0.00328861228413
0.00718684841215
0.0699039766246
0.176623648696
0.244024145609
0.26675473388
0.270591500235
0.270593563442
0.26924507123
0.268048691779
0.266246969927
0.264181623708
0.257398418894
0.190508290939
0.0428414290565
0.0160422162804
0.0181129982653
0.00314390898878
0.00350225555021
0.00313320617159
0.00279974036041
0.00248683611186
0.00223997459063
0.0021206106633
0.00216384459167
0.00255375232808
0.00328276649356
0.0055233750284
0.0473722377049
0.164966052266
0.238835764461
0.26662824966
0.271912668231
0.272223055489
0.270789410322
0.26958475992
0.267706260752
0.265515122536
0.257524388367
0.184795946294
0.0429733700981
0.0171656119651
0.0181130117905
0.00349693154787
0.00388473526021
0.00348655571399
0.0031212340316
0.00278096146569
0.0025004414517
0.00234475048561
0.00236339237195
0.00265097377836
0.00330634068924
0.00469041611964
0.0311764922708
0.144107338294
0.234540771423
0.266227755709
0.273382831417
0.273830239527
0.272419084565
0.271218812709
0.269165128482
0.266954470611
0.257498813887
0.179612266869
0.0431120588837
0.0182978970522
0.0181130139419
0.00387962106099
0.00430688188813
0.00386953546271
0.00347464228477
0.00310161768839
0.0027881639307
0.00259093758257
0.00257313822644
0.00277703952098
0.00336906533987
0.00456910941182
0.0164427662436
0.122269808076
0.225129947367
0.265392517669
0.274618050787
0.275533817503
0.274087971682
0.272881188255
0.270759407818
0.268375032152
0.257490308694
0.174523648717
0.0434516306692
0.019382430174
0.0181130101534
0.00430182524375
0.00475511345742
0.00429172445208
0.00385769383189
0.00345431129494
0.00310285121102
0.00286523741825
0.00279361214872
0.00298319936979
0.00342278098466
0.00473869641206
0.00998279032862
0.0856838264125
0.215631696229
0.264089461553
0.27599968378
0.277255475723
0.275820813232
0.274649016827
0.272333282927
0.269916428629
0.257308057157
0.17012611352
0.0439446704324
0.0204047203331
0.0181130036444
0.00475013693208
0.00526017027175
0.00474010469204
0.00427957376898
0.00383678431186
0.00345042081148
0.00316830531483
0.00304813008717
0.00312895897673
0.00359677239865
0.00477366813623
0.00877544574576
0.0604089815979
0.193048236545
0.261831747568
0.276887514228
0.279016473638
0.277663583695
0.276423196423
0.274070586142
0.271389618764
0.257183369885
0.165761859363
0.0445782554391
0.0213479204629
0.0181129961979
0.00525499618552
0.00576381041026
0.0052444362989
0.00472783681551
0.00425732525248
0.0038281520175
0.0035055251027
0.00333762900729
0.00336285743328
0.00376802352751
0.00483000319304
0.00745329739953
0.0477211551608
0.171005952853
0.256966052013
0.277691963854
0.280765192068
0.27949142854
0.27836821632
0.275764539131
0.273006522253
0.25684031498
0.162171478819
0.0452413692111
0.0222197978948
0.0181129886826
0.00575877246456
0.00638964815755
0.0057484635016
0.00523123229965
0.00470483746118
0.00424252748145
0.00387249672186
0.00365938130037
0.00364963190955
0.00395063311166
0.00481686798087
0.00661439386538
0.0321895391343
0.15596117748
0.250611833244
0.277546318979
0.282548443968
0.281447802801
0.280221622539
0.277688618913
0.274513113931
0.256602057952
0.158565937269
0.0460296049306
0.0230104283099
0.018112981323
0.00638360300266
0.00686524660249
0.00637097561153
0.00573553561307
0.0052056850738
0.0046858718656
0.00427425263499
0.00400749924287
0.00394973909219
0.00418528845051
0.0048149527416
0.00662620331741
0.0168816088115
0.127567869189
0.244152410174
0.276900989373
0.2841326875
0.283373810567
0.282323169115
0.279467831824
0.276214372138
0.256120538148
0.155684596972
0.0467947970075
0.0237412453775
0.0181129741458
0.0068600013269
0.00771557498703
0.00684920492234
0.00635458047833
0.00571043014956
0.00517860153012
0.00470907942534
0.0043903510864
0.00426410473236
0.00441727481203
0.00492980345205
0.00671772451332
0.0124270336333
0.0826566467048
0.229312801376
0.276333580571
0.285939956653
0.285320309691
0.284279867085
0.281573491968
0.277717759178
0.255812693081
0.152734963827
0.0476859291732
0.0243934040621
0.0181129671878
0.00770594340008
0.00787465282648
0.00768557144566
0.0068355725582
0.0063211942511
0.00568321865968
0.00518720409376
0.00481196467791
0.00462440159554
0.00465848472876
0.00515277054881
0.00670486335241
0.0100483335816
0.0624395360997
0.19794108343
0.274164300123
0.287516274657
0.287370013461
0.286482026503
0.283453451673
0.279496065261
0.255218562574
0.150508581961
0.0485012928826
0.024999987969
0.0181129601218
0.0078607662074
0.00802776922086
0.00783224574117
0.0076582015623
0.00680901646423
0.00627176312251
0.00569110171189
0.00526857019938
0.00502899524828
0.0050163630864
0.0053927531108
0.00673878132344
0.00958574835358
0.0439304827918
0.180088197966
0.269060039307
0.288292572644
0.289469979446
0.288592797456
0.285705990567
0.280987430958
0.254876596092
0.148149929117
0.0494616012426
0.0255258382868
0.0181129526775
0.0080160135315
0.00843472868666
0.00799143754504
0.00779342332318
0.00760034759149
0.00677757099395
0.00624184203255
0.00576988144365
0.00546159269772
0.00540694980532
0.00569884745234
0.00676747185407
0.00932994869348
0.0301313146379
0.1572387469
0.263187212303
0.28872931111
0.291351780219
0.290959118638
0.287702957028
0.282836938264
0.254231130893
0.146466028257
0.050263201032
0.0260028659932
0.0181129474776
0.00842514005476
0.00886569099343
0.00840433468678
0.00795885446581
0.00771267024842
0.00749588752449
0.00678174567734
0.00626386965983
0.00594951263715
0.00580842107957
0.00604939908816
0.00678314486335
0.0093731175012
0.0219922064348
0.122275393694
0.254593947789
0.289165637461
0.293617185562
0.293005836869
0.290130067671
0.284307872003
0.253920256761
0.144650397707
0.0512436395943
0.0264121092064
0.0181129386992
0.00885416679853
0.00935161840947
0.0088287626025
0.00837564497147
0.00789137467424
0.00758451138876
0.00738631554378
0.00686431013164
0.00637871072241
0.00625550253855
0.00634443852472
0.0070206579864
0.00918137553116
0.0155231533464
0.0977741689396
0.23415589635
0.288147442195
0.295807605896
0.295625292783
0.292122186069
0.286251319992
0.253266925188
0.143395951969
0.0520000397535
0.0267845825705
0.0181129288745
0.0093262507665
0.0095338584022
0.00927009684516
0.00879235705655
0.0083121910161
0.00779133633557
0.00746134840023
0.00728389715252
0.00706503704853
0.00664597730846
0.00671850865795
0.00724001902386
0.00926157020016
0.0135486105271
0.0666951436215
0.218654977069
0.28614077683
0.297462941037
0.297726584305
0.2948383175
0.287690748932
0.253061837017
0.142081884543
0.0529844921702
0.0270644208099
0.0181129175275
0.00949641393309
0.00970982491088
0.00941704662807
0.00918953734212
0.00870893102868
0.00817614706881
0.00769077629364
0.00735494922311
0.00724072625887
0.00731863670687
0.0071479626317
0.00762521872367
0.00925788841074
0.0125994452545
0.0478993180329
0.192164984574
0.282852953388
0.299103553424
0.300276933582
0.296847125149
0.289793967279
0.252484500233
0.141118067178
0.0536597159066
0.0273137425209
0.0181129043773
0.00966997320193
0.00972790176872
0.00958248302726
0.00931189494363
0.00900765124758
0.0085113283685
0.00799607462426
0.00762766073153
0.00735209767879
0.00730616339939
0.0076804664718
0.00799610037977
0.00915043816726
0.012749406381
0.0305159245984
0.15933591342
0.276441235293
0.300615312756
0.302487355005
0.299715177468
0.291188834039
0.252466746275
0.140334151555
0.0546254315984
0.0274606864615
0.0181128894341
0.00967897882071
0.0096463312171
0.00957529590414
0.0094584852986
0.00909865001109
0.00861718304404
0.00815559664675
0.00774204518478
0.00752662637253
0.00752709506294
0.00751982596356
0.00825135883609
0.0094497441074
0.0125575452402
0.0238093679465
0.128874839905
0.263890454155
0.301087184799
0.30559916557
0.301813830699
0.293469085841
0.252045998896
0.139668982498
0.0551820591765
0.0275824972141
0.0181128725352
0.00959123529958
0.00943705999091
0.00947569321896
0.00943710735631
0.00919058076514
0.00868456516185
0.00818889471361
0.0077537335775
0.00747400072039
0.00745368152462
0.00800371064616
0.00814752615012
0.00967620890997
0.012784872326
0.0213235328444
0.0928132296298
0.249981309075
0.300303961245
0.307505488874
0.305005557297
0.294901000812
0.252283273625
0.139053825635
0.0561338573949
0.0276167298135
0.0181128533798
0.00939643881361
0.00944189132201
0.00931103644344
0.00932435564601
0.00915222005664
0.00866359770704
0.008127149093
0.00767165034062
0.00730647908018
0.00724771993073
0.00758079211226
0.00934546189002
0.009623852685
0.0123296636178
0.0185581538194
0.0799400877435
0.226696229867
0.29969769862
0.310453288738
0.306861999084
0.297484881452
0.252144654391
0.138810806126
0.0565641589845
0.0276125861852
0.0181128328575
0.00941205647374
0.00951813861188
0.00934849281321
0.00919901439763
0.00902184505996
0.00862171332611
0.00803346794608
0.00748496976157
0.00708741738218
0.00688654512494
0.00726662223076
0.00870147338178
0.0132357140122
0.0129579618697
0.0190736133961
0.0545956227153
0.203835341122
0.294597951411
0.312302592552
0.310462134868
0.298953195151
0.252763841867
0.138349445944
0.0572915722394
0.0275822835986
0.0181128113128
0.00949407663811
0.00979612442481
0.00944294833395
0.00926326151769
0.00897251907131
0.00851079336023
0.00802714856626
0.00743314258309
0.00693528920623
0.00669066271013
0.00675983354455
0.00821617185338
0.012953225447
0.0233370436152
0.02816864154
0.0571860076745
0.1799318751
0.288566381976
0.314848880663
0.312328031944
0.302101214931
0.253240806338
0.138582450539
0.0578410757125
0.027555519401
0.0181127888518
0.00978218847506
0.0102636959706
0.00975186178696
0.00937486635531
0.00908455267193
0.00858868065074
0.00801769003071
0.00747839692612
0.00696840242488
0.00662605550388
0.00668778784998
0.00739090250598
0.0115410225628
0.0226440537847
0.0379428225235
0.0784538111948
0.154309177978
0.275677639653
0.314498571492
0.316717273445
0.303702873319
0.254688858468
0.138349059868
0.0582424844372
0.0274440085776
0.0181127620954
0.0102498001743
0.010831697744
0.0102200805424
0.00970974531356
0.00923309971624
0.00875406316357
0.00819946968265
0.00765238432081
0.0071055836092
0.00675011393226
0.00668481113214
0.0073758717239
0.00975539607128
0.0189263302915
0.0268031302283
0.0424817565593
0.124964722558
0.221527881783
0.308419431317
0.317402852082
0.307782595541
0.256137036263
0.13944725768
0.0588401335975
0.0274870155282
0.0181127389743
0.0108203844845
0.0115800510811
0.0107957460593
0.0101799571524
0.00961815844161
0.00898650280946
0.00839385816375
0.00784333082113
0.00743887712491
0.00701390391208
0.0068599078651
0.00732294439071
0.00922350316565
0.0148143907242
0.0186879056205
0.00750096791921
0.0295840074986
0.157798830213
0.238569549699
0.311683913064
0.309588499149
0.260249207123
0.139932221118
0.0593783575796
0.0273239232118
0.0181127156982
0.0115661640542
0.0122174710683
0.0115355425495
0.0107613360898
0.0100922271389
0.00943754866855
0.00874598940394
0.0081447498299
0.00766608461207
0.00737562184614
0.00716268261134
0.00748043188056
0.00895801437641
0.0125917648902
0.0174056423071
0.00800184702192
0.031576726453
0.16274985262
0.241144199512
0.305532184583
0.264154328835
0.143876174539
0.059878059266
0.0275285466113
0.018112692863
0.0121896439618
0.012361200032
0.0121288209607
0.0114918503552
0.010684438221
0.00991256373764
0.00919030975339
0.00848185490553
0.00790966052275
0.00759540394554
0.00766424162502
0.00767860497094
0.00880802110583
0.0119895134603
0.0150681037039
0.00790751436709
0.0316770349637
0.162959932563
0.233764430485
0.264531767803
0.145381535196
0.0609891665892
0.0274116080391
0.0181126703921
0.0123304058446
0.0128381490829
0.0122643035806
0.0120435571118
0.0113921860101
0.0105188869687
0.00966801529889
0.00890340749664
0.00818057172648
0.0076059704952
0.00723703083729
0.00821331752666
0.0087049555978
0.0111567647654
0.0145385929881
0.0073851452376
0.0311898980457
0.157742217848
0.178812931902
0.160319670906
0.0622347228052
0.0278789978574
0.0181126424658
0.0128111348351
0.0131827156891
0.0127522189932
0.0121735709306
0.011854673558
0.0111607563698
0.0102746780467
0.00935516858897
0.00855674386808
0.00774895020418
0.00689332492706
0.00563566172897
0.00883987212661
0.010496725244
0.0138474385489
0.00698229288901
0.0301122162623
0.121653259422
0.148456571392
0.0628065497202
0.028164216365
0.0181126127732
0.0131584204175
0.0147827965847
0.0131060878992
0.0126705444571
0.0119779735526
0.0114455089984
0.0107768255813
0.00991845981766
0.00894157486746
0.00804724944862
0.00693707017296
0.00522751809769
0.0017888510668
0.00982284970387
0.0129608735368
0.00950588050011
0.0266624660382
0.0971639246135
0.0722708489203
0.0290988099327
0.0181125723204
0.0147751514271
0.0147590680867
0.0130345726869
0.0124923951096
0.0115850960588
0.0108970373456
0.0101955641507
0.00937029731722
0.00831574361679
0.007151286646
0.00528548745693
0.00204152429194
0.0113276488075
0.0131629335325
0.0238587428501
0.0620637562325
0.0707510317043
0.0311671152827
0.0181125221893
0.0147374013754
0.0128805734408
0.0121245768675
0.0110742824262
0.0102168379946
0.00940579154414
0.0085174435364
0.00725638025733
0.00538841919123
0.00218524898586
0.0127923098577
0.0169492650596
0.0280616230511
0.0491724259459
0.0117016403711
0.033656847091
0.0181124420606
0.0146910649713
0.0125833281072
0.0116337768119
0.0104933693247
0.00943829856154
0.00843248972494
0.00729612541345
0.005519062587
0.00228456384786
0.0143295570975
0.0203970009683
0.026977907993
0.0360304369137
0.0305868237866
0.0124211069755
0.0181117859502
0.0146114728191
0.0122427185083
0.0110842026726
0.00988041257464
0.00867917444699
0.00740274966097
0.0058424623485
0.00362855297786
0.0155358750835
0.0228183612734
0.0246035956335
0.0305133106699
0.0156682845155
0.00426430362074
0.013272597016
0.0145289807146
0.0119118645394
0.0106147935305
0.00926753805867
0.00803974363347
0.00671078653471
0.00493990371663
0.0174758033118
0.0166190011985
0.0244331102883
0.0249145950038
0.0293458454303
0.0121605982908
0.00339422853174
0.0136829963787
0.0144741481928
0.0116352351291
0.0103289432106
0.00876580975763
0.00752004477244
0.006639417957
0.00590274428588
0.023972400609
0.0167829610917
0.0202637095346
0.0282110324193
0.0287212227629
0.0103669397387
0.00324385406555
0.014470321095
0.014457825949
0.0115074456203
0.0102795313293
0.00872438692722
0.0074805235446
0.00729212138442
0.00819036737944
0.0289942378428
0.0174459636838
0.0155282093405
0.0169880383445
0.0278794493034
0.00961643842241
0.00318272622142
0.0144784324143
0.011605581539
0.0103994858645
0.00907440993965
0.00812658539969
0.00886999928556
0.0125429687194
0.0316961609803
0.0168233433308
0.00712443097155
0.0181365636864
0.0277069552173
0.00907906146081
0.00318522453199
0.0145960080409
0.0119349444421
0.0108390548923
0.00987400119018
0.0096248310468
0.0119249516857
0.0204135574418
0.0330902632437
0.0188413806548
0.0179826404
0.00915938392695
0.0272147450912
0.00875140931487
0.00322365761367
0.0149398590351
0.0125599003089
0.0117714791997
0.011377329244
0.012583377643
0.018118655757
0.0272492097158
0.0358051452776
0.0267527977782
0.0217121416444
0.0181936293402
0.00970426354224
0.00814019919373
0.00327637450011
0.0156230148886
0.0136059944859
0.0134362529156
0.0141035766748
0.0183850989094
0.0262362928188
0.0267965259227
0.0363063746527
0.0267136288482
0.01024663327
0.0229764190537
0.020605557944
0.0112820181494
0.00347154881889
0.0167944120298
0.0152947864858
0.0163966719896
0.0195062719697
0.0270294856575
0.0281309027686
0.0232847963636
0.0160362052018
0.0281244149225
0.00974523800931
0.00362169201764
0.0269655344554
0.0220312683942
0.0186976479251
0.0181113332853
0.0215840491596
0.0282248405108
0.0306681043385
0.0260492161048
0.0211812598753
0.0246022703178
0.0288671430953
0.00982373692872
0.00352165277313
0.028707789683
0.021828372004
0.0231496476923
0.0302453116364
0.033931452713
0.029349230086
0.0251130235161
0.028258872348
0.0318500210683
0.0308541839884
0.00925084155659
0.00355175839988
0.0270942884598
0.0316541789799
0.0380445057308
0.0339514692955
0.0293019197477
0.0315846347117
0.0349929789953
0.03187483174
0.0093014337557
0.00358054517781
0.0353599128289
0.0406579118016
0.0398730109989
0.0338189806957
0.0348292915771
0.0380483734506
0.0321314653966
0.00918462303364
0.00367196923522
0.0453642269354
0.0438871232772
0.0396240323099
0.0381751371227
0.0411172457252
0.0326488187893
0.00887700140702
0.003761955124
0.051047165955
0.0438288196181
0.0427068789682
0.0437077918735
0.0353602671934
0.0131890976281
0.0039086216301
0.0519585160232
0.0462653748401
0.0477168568979
0.0374919376357
0.0184235684681
0.0180941613507
0.0539302225207
0.0505177066137
0.0412881348899
0.0215209747364
0.0180904825269
0.057405208014
0.0430958108143
0.0236962491746
0.0180866701153
0.0480092370951
0.02460666261
0.0180826694728
0.0260077785235
0.0180786824608
0.0180745972564
)
;

boundaryField
{
    inletfuel
    {
        type            calculated;
        value           uniform 0.00828173325;
    }
    inletair
    {
        type            calculated;
        value           uniform 0.2484519975;
    }
    outlet
    {
        type            calculated;
        value           nonuniform List<scalar> 
26
(
0.0147827965847
0.0147751514271
0.0147590680867
0.0147374013754
0.0146910649713
0.0146114728191
0.0145289807146
0.0144741481928
0.014457825949
0.0144784324143
0.0145960080409
0.0149398590351
0.0156230148886
0.0167944120298
0.0186976479251
0.021828372004
0.0270942884598
0.0353599128289
0.0453642269354
0.051047165955
0.0519585160232
0.0539302225207
0.057405208014
0.0480092370951
0.0260077785235
0.0180745972564
)
;
    }
    leftside
    {
        type            calculated;
        value           nonuniform List<scalar> 
65
(
0.0364030471616
0.0181128001906
0.0691333049728
0.0675984687889
0.0668696296958
0.0181128001906
0.018112805982
0.0181128517824
0.0181129153713
0.0181129674514
0.0181129982653
0.0181130117905
0.0181130139419
0.0181130101534
0.0181130036444
0.0181129961979
0.0181129886826
0.018112981323
0.0181129741458
0.0181129671878
0.0181129601218
0.0181129526775
0.0181129474776
0.0181129386992
0.0181129288745
0.0181129175275
0.0181129043773
0.0181128894341
0.0181128725352
0.0181128533798
0.0181128328575
0.0181128113128
0.0181127888518
0.0181127620954
0.0181127389743
0.0181127156982
0.018112692863
0.0181126703921
0.0181126424658
0.0181126127732
0.0181125723204
0.0181125221893
0.0181124420606
0.0181117859502
0.00426430362074
0.00339422853174
0.00324385406555
0.00318272622142
0.00318522453199
0.00322365761367
0.00327637450011
0.00347154881889
0.00362169201764
0.00352165277313
0.00355175839988
0.00358054517781
0.00367196923522
0.003761955124
0.0039086216301
0.0180941613507
0.0180904825269
0.0180866701153
0.0180826694728
0.0180786824608
0.0180745972564
)
;
    }
    burnerwall
    {
        type            calculated;
        value           nonuniform List<scalar> 7(0.000192777178222 0.00019247026686 0.000194182006042 0.0182569035421 0.0182548623095 0.0181101312653 0.00157243832128);
    }
    front
    {
        type            wedge;
    }
    back
    {
        type            wedge;
    }
    reacting_to_fluid
    {
        type            calculated;
        value           nonuniform List<scalar> 
22
(
0.0295840074986
0.031576726453
0.0316770349637
0.0311898980457
0.0301122162623
0.0266624660382
0.00750096791921
0.0117016403711
0.00800184702192
0.0124211069755
0.00790751436709
0.013272597016
0.0073851452376
0.0136829963787
0.00698229288901
0.0238587428501
0.0280616230511
0.026977907993
0.0246035956335
0.0249145950038
0.014470321095
0.0282110324193
)
;
    }
    reacting_to_solid
    {
        type            calculated;
        value           nonuniform List<scalar> 
22
(
0.00982284970387
0.0113276488075
0.0127923098577
0.0143295570975
0.0155358750835
0.0166190011985
0.0167829610917
0.0017888510668
0.00712443097155
0.00204152429194
0.00915938392695
0.00218524898586
0.00970426354224
0.00228456384786
0.0174758033118
0.023972400609
0.0289942378428
0.0316961609803
0.0330902632437
0.0358051452776
0.0112820181494
0.0363063746527
)
;
    }
}


// ************************************************************************* //
