/*--------------------------------*- C++ -*----------------------------------*\
  =========                 |
  \\      /  F ield         | OpenFOAM: The Open Source CFD Toolbox
   \\    /   O peration     | Website:  https://openfoam.org
    \\  /    A nd           | Version:  10
     \\/     M anipulation  |
\*---------------------------------------------------------------------------*/
FoamFile
{
    format      ascii;
    class       volScalarField;
    location    "0.3/reacting";
    object      epsilon;
}
// * * * * * * * * * * * * * * * * * * * * * * * * * * * * * * * * * * * * * //

dimensions      [0 2 -3 0 0 0 0];

internalField   nonuniform List<scalar> 
1571
(
9717.25643379
21137.4320041
20625.9433215
61275.155464
31231.5498466
23101.573363
50283.845953
32683.7740359
25198.6953277
45077.8041722
43468.6092575
29767.079574
105262.867943
70624.5736831
39078.0918481
286295.740524
1886.66636372
98421.809529
45898.8383519
368303.511473
58347.3607458
93.1295531264
115116.415046
57609.1314353
374936.649321
180957.523407
1705.46051563
0.657295858533
1.26668333974
146202.4272
72756.5113731
390082.961637
260465.605294
9384.49584408
91.5678345241
0.704371856604
0.224412428207
0.277019740135
174795.162578
89778.7097238
375650.170056
308316.809967
16677.5965224
461.633725589
8.16121563674
0.771484683069
0.147992703586
0.0976349729579
0.134645490027
193305.244037
102092.291756
339666.772261
302285.062595
25886.8999885
788.165927711
28.0200693057
0.938624778648
0.0997516968679
0.0750200217023
0.0755182801712
0.0812952025333
196675.125121
111610.013334
301503.038458
282860.50063
35593.9468372
1350.13784607
32.6882692574
4.27797503569
0.18795369359
0.0628784834999
0.0647652367224
0.065906814942
0.0668752966196
192478.585506
118775.934956
264979.04564
258701.274532
50246.1627138
2301.57905077
44.9777384493
5.032495583
0.633615223691
0.0837947129431
0.0607216111428
0.0618339045376
0.0624548117159
0.0619656821003
180995.914137
118076.336285
230212.497134
233861.503642
63993.5964178
3925.53027079
86.8026491009
4.87301759593
1.152025947
0.133066375636
0.0658687062384
0.0601304665317
0.0607191413862
0.0606599628052
0.0599505722903
163382.336887
113842.325847
199841.793144
208654.709273
76392.652785
5818.46099263
205.892854579
4.84840396561
1.45832566706
0.244999895892
0.0747802667363
0.0608159343891
0.0599951008495
0.0600218160686
0.0596286073151
0.058999026001
144549.39447
104348.438894
171423.057971
185883.211184
86145.0848002
8652.35214376
440.000155794
6.44210530799
1.48600790689
0.353001725743
0.0911628029634
0.0627508881003
0.0590917626183
0.0598744793778
0.0595081698724
0.0590223260511
0.0584787991329
125492.303715
92644.9571697
145694.763752
163906.777018
93723.1016695
11663.775493
761.914414826
9.89719470795
1.52282915876
0.43338934065
0.114443680379
0.0660000259163
0.0593983933237
0.058224378285
0.0599073461082
0.0593007905799
0.0587468515128
0.0582029230887
107218.258668
80092.0627266
122726.794345
142325.378392
97372.3561464
16116.3236585
1059.80348638
17.0549073149
1.5736905452
0.47654808156
0.138358013265
0.0706644598997
0.0600040473941
0.0580694554468
0.0578217340583
0.0598791783894
0.0591492897838
0.0585736199487
0.0580871911753
89920.6018236
67643.8760497
101468.665232
122358.117995
96510.8765377
20783.7835336
1618.47369491
28.2006602497
1.6404841115
0.516179118211
0.161048412477
0.0759265323361
0.0609287350804
0.0579606405781
0.0574552414096
0.0576613813113
0.0598572389558
0.0590515472214
0.0584939974207
0.0579797209802
74243.5199227
56450.8587819
82659.9873108
102691.336134
92625.8743084
26945.6219331
2332.96571159
54.9581621594
1.82390752195
0.539927199559
0.181628009629
0.0817974810622
0.0619934119689
0.0579613842529
0.0571048557374
0.0572305951092
0.0575218992352
0.0598482920357
0.0590041156911
0.0584151971511
0.0579920696041
60817.2790789
47050.576724
66735.8894884
84636.2294624
84226.7300913
31715.8507923
3756.53160035
118.648994469
2.30456332484
0.556728355243
0.196380619998
0.0876088598882
0.0633311565312
0.057979313417
0.0567735772941
0.0567967901887
0.0570530766933
0.0575341112836
0.0598425259996
0.0589571308782
0.0584275628719
0.0579223100157
49924.469179
39228.0872533
54040.7844985
68772.9010011
73918.9301804
35247.8629297
4862.77784589
289.882997685
3.56156317122
0.581055285347
0.206212519722
0.0931578611304
0.0647195371587
0.0580273472606
0.0564555594371
0.0563642764544
0.0565730232512
0.0570629389117
0.0574606979466
0.0598341894531
0.0589690855397
0.0583672021861
0.0580035791239
41109.9569819
32561.8506275
43941.4112699
55929.2316255
63052.714129
36721.1564022
7018.90146268
405.721541977
6.07844995633
0.663510766996
0.21780419953
0.0988914085689
0.0660778770075
0.0580650124799
0.0561463562374
0.0559273340836
0.0560867656272
0.0565786932471
0.0569879197433
0.0575517020211
0.0598411202232
0.0589240216971
0.0584376252738
0.0579201586631
33789.0941695
26854.9962568
35714.3042624
45530.6507668
53380.8580687
36432.8601655
9152.68610622
734.649698178
7.66525783882
0.757458022314
0.233626239074
0.104577952403
0.0675663770046
0.0581275356611
0.0558328860289
0.0554945114945
0.0555912178659
0.0560834344735
0.0565046319647
0.0570861149212
0.0574804672575
0.0598241337373
0.0589799080575
0.0583578449673
0.0582764137371
27653.0682163
21981.3989226
28947.9685421
36958.9915213
44671.6051401
35099.9414053
11747.2336736
1158.9476335
15.1434907211
0.825502848661
0.246168280372
0.110731658387
0.0689725933661
0.0582289085033
0.0555314035999
0.0550493587099
0.0550955746859
0.0555775210735
0.0560089540672
0.0566066236961
0.0570539268064
0.0579940938226
0.0598463340572
0.0589133999791
0.0585942170211
0.0623873594229
22489.281845
17868.0919153
23332.2427989
29875.855906
36888.9020315
32266.4002481
13777.449536
1884.62256085
35.3775286388
1.07130435922
0.256923964802
0.115397251649
0.0707929235484
0.0583604138956
0.0552112892209
0.0546092726669
0.0545902266413
0.055064521782
0.0555045034379
0.0561103294462
0.0566437114761
0.0577216274809
0.0632116505943
0.0598160811638
0.0590594705697
0.0619101604877
0.31642738868
18184.3085155
14467.3951656
18719.7773295
23976.456503
30137.8755524
28589.3331939
14895.4933022
2720.57257429
83.386299875
1.79306028717
0.280769830939
0.120093610837
0.0724338829236
0.0586359511544
0.0548990242178
0.0541487011663
0.0540871754999
0.054544203001
0.0549885064655
0.0556041758627
0.0562396888462
0.0573977142164
0.0648700959908
0.424701677364
0.0598578820492
0.0611632838092
0.244893353843
1.88247929723
14665.0810174
11683.895846
15006.8997865
19153.0533677
24287.4638153
24701.9769859
15011.5444558
3602.31556171
191.403411082
2.80378485795
0.344795968646
0.126579548752
0.0742628752312
0.0588940960674
0.0545871070883
0.0536962736146
0.0535720811105
0.0540190493017
0.054466383378
0.0550879393414
0.0558328138903
0.057042919862
0.0674801480364
0.535351816814
8.18665125976
0.0606840925509
0.237057226369
3.79580792022
11808.2252566
9407.45950207
12027.0747384
15299.6719383
19438.942123
20779.4164682
14589.2988771
4568.20030272
409.411083476
5.27450409097
0.407783004882
0.135005551999
0.0766552188105
0.059140103748
0.0542707847208
0.0532230103445
0.0530560736337
0.0534870157498
0.0539308886572
0.0545732492673
0.0554044871403
0.0567177000366
0.0706267687278
0.630186761338
11.9631845086
5.84794969401
0.221616371452
9485.38513069
7555.80028702
9624.28147926
12223.3407384
15542.0376447
17243.252041
13456.6029084
5498.9842723
723.215213015
9.37674550024
0.591165339293
0.142695365464
0.0791550557275
0.059581703073
0.0539470798245
0.0527571316542
0.0525210567829
0.0529481403953
0.0533908710139
0.0540498050044
0.0549520761561
0.0564460577059
0.0738548733031
0.712261979031
11.8422333557
6.73767200969
7604.51889667
6068.74792263
7692.25614614
9752.66988568
12411.6371954
14176.5413401
12072.9977719
5979.18909176
1153.29366273
19.7406790983
0.811105352832
0.163289618837
0.0816986103326
0.0599459049795
0.053690227932
0.0522551887062
0.0519822054548
0.0523987511018
0.0528318406623
0.0535322865619
0.0544639685109
0.0562374613736
0.0769251791296
0.773369111621
11.1366295156
6.93051317149
6100.12249897
4884.78845408
6157.41054015
7775.39533636
9886.09877841
11565.7637913
10577.2842185
6218.80370662
1536.26523855
48.25835201
1.23498904608
0.188047984018
0.0860993163153
0.0606252409093
0.0534521828124
0.0517924306727
0.0514146997269
0.0518392208709
0.0522678909328
0.052996806458
0.0539556523103
0.0560648386318
0.0798913869766
0.811128891523
9.66860762358
6.75703338314
4905.301869
3936.63999082
4943.23364369
6213.60703334
7867.4009895
9348.3536906
9104.16748315
6087.10037832
1986.35990971
109.930799122
2.29182300832
0.225829706615
0.0911960242964
0.0614047286677
0.0533184602512
0.0512745435899
0.050859040714
0.0512619633687
0.0516783468405
0.0524657859921
0.0534146685127
0.0559236016985
0.0826966524597
0.833280971306
8.25138243814
6.34918193635
3950.24844691
3179.99976172
3975.70524909
4981.57345684
6281.60420046
7531.88090939
7653.9096466
5721.18371277
2322.78315976
244.531614997
3.98979019283
0.326000355398
0.0961722459788
0.0627288123034
0.0532743829243
0.0508252754325
0.0502691093455
0.0506807038492
0.0510833213249
0.0519027343685
0.052867074969
0.0557796332926
0.0854843616914
0.837424820323
7.01782298156
5.86060696573
3189.1225157
2569.78560857
3206.36443496
4002.13126519
5031.32287164
6082.36550364
6404.13553288
5149.57568649
2554.51492792
529.258527816
9.16736954258
0.467861250011
0.108560927594
0.063899923181
0.0533186113081
0.050324118712
0.04970431953
0.0500793111648
0.0504634755911
0.0513443579917
0.0522871367208
0.0556496255867
0.0881280306636
0.834179310401
5.99367818616
5.36409955486
2576.00292801
2087.46794879
2587.87626713
3224.68137261
4038.47763212
4912.54837956
5340.4819162
4598.9863317
2634.30572635
707.269386885
22.2582623704
0.897642623606
0.124723844217
0.0666880319867
0.0533900511775
0.0499081675292
0.0491165401451
0.0494758762993
0.0498438410037
0.0507453052995
0.0517129435978
0.0554943417619
0.0908095096913
0.825168215662
5.16049673009
4.88447419709
2091.85004163
1696.82701952
2100.32557131
2600.78722955
3251.11316188
3968.1035095
4420.35031089
4058.20273287
2634.60853592
886.854223434
41.0256429489
1.60926368649
0.173837381529
0.0695420009988
0.0535865583338
0.0494323995712
0.0485393397261
0.0488608715072
0.0491992836704
0.0501600693105
0.0511053332931
0.0553523061106
0.0932275654861
0.810666273969
4.48131039042
4.43184831505
1699.96630437
1388.06270948
1706.102909
2109.80346865
2620.31805186
3209.8342371
3640.96490498
3508.01514768
2552.11901897
1070.09529368
81.9883669918
2.12713048047
0.244323952924
0.0773876332044
0.0539518260739
0.0491593432989
0.0479603308024
0.0482208117136
0.0485644286648
0.0495258767268
0.0505220168747
0.0551733107764
0.0956734954622
0.791417854448
3.92851647182
4.01008683051
1390.41629663
1136.37302325
1395.08346696
1713.11877937
2124.94270839
2597.39546948
2993.3416726
2994.14508676
2355.00928049
1151.48769438
175.883580978
3.69286717007
0.299045373938
0.0869182388532
0.0549940916046
0.0488959200948
0.0474131098332
0.0476007813595
0.0478837132048
0.0489141862296
0.0498992600213
0.0550227291436
0.0977494442678
0.771827965516
3.47120231964
3.62059570079
1138.09776042
934.757831549
1141.53257638
1400.5775436
1724.79240677
2114.19717562
2456.04459606
2542.06544756
2121.43107354
1200.06306322
298.265378844
8.94233289494
0.440030391067
0.0937296366346
0.0565242999446
0.0489447711164
0.0468589661773
0.0469574319288
0.0472510390718
0.0482322971217
0.0493129042775
0.0548238081065
0.0998761156048
0.749326725052
3.09408858839
3.26299905204
936.332268403
786.550037039
939.563900184
1145.60513019
1410.1986262
1720.55211958
2023.29946117
2144.92173982
1896.01380342
1210.95086344
427.474611201
19.0802378568
0.880662919231
0.111274189381
0.0580811728458
0.0490644464173
0.0463846150217
0.0463464954623
0.0465512218546
0.0476135618813
0.0486704197672
0.05466116944
0.101545643019
0.72844039714
2.77729710512
2.93591064615
787.511495806
641.581194324
789.434545065
943.613663606
1152.82338424
1410.94756787
1661.60384589
1808.36560123
1674.84455743
1188.99325775
512.882822268
39.507403171
1.40724213888
0.169005230734
0.0616546113646
0.0490606680341
0.0458791657879
0.045748548902
0.0459184472955
0.0468957693764
0.0480947702681
0.0544326694879
0.103280524793
0.705580190483
2.51439681521
2.63904101284
643.319054004
654.161968569
646.995355999
791.728013823
951.456772848
1154.17833101
1374.61952624
1513.34531373
1463.95662841
1126.07789503
558.210857499
70.2582864718
2.3952586279
0.218964081295
0.0709503742607
0.0492107426182
0.0453949104297
0.0451483627132
0.0452240759842
0.0462691197217
0.0474361361953
0.0542615516447
0.104495885798
0.685605554036
2.29177360755
2.36970149201
656.286940968
632.033663235
660.578964669
651.929066988
795.811200392
959.070565723
1129.2056822
1273.13882825
1264.86918869
1034.36950598
576.677966938
120.694468865
3.92877933061
0.311991179295
0.0774163101295
0.05010240561
0.0451810686488
0.0445182075552
0.0445755384396
0.0455357327188
0.0468714055476
0.0539994263631
0.105814844171
0.664084506747
2.1077817612
2.12841736476
633.390439799
569.584693712
636.164796869
666.36613198
662.40006504
797.154839395
951.174040062
1057.67049624
1090.7911108
936.552327304
582.309619631
174.851245894
7.45257916215
0.464813448613
0.0870361585003
0.0512461321458
0.0451046316462
0.0440020694791
0.0438649422729
0.0448999581942
0.0462019300301
0.0538088613502
0.106591154108
0.646652636314
1.95287616877
1.912032931
570.310837864
510.263391987
571.894875062
639.727551268
678.116308805
680.43140327
784.49431007
910.692006027
928.920160274
837.430775028
576.037850838
232.259074127
15.220866111
0.69105672615
0.110006850477
0.0528885019499
0.0449823706604
0.0433729516744
0.0432886594842
0.0441452512335
0.0456474574083
0.0535010800773
0.107474743499
0.62744748115
1.82566130395
1.72222320033
511.692490308
473.910864214
514.85899161
574.102865857
646.685291622
693.285371422
695.763459539
746.119974976
821.124128057
746.481063367
552.728919073
269.32393623
28.6501626396
1.23273951891
0.133886168165
0.057261914878
0.0449407455582
0.0427947741084
0.0425478266758
0.0435443802333
0.0449608721288
0.0532878109719
0.107869559424
0.613103746791
1.72107143004
1.55705313669
476.673136965
467.760870024
482.779001341
519.428012257
579.09584661
653.387125058
698.742875464
699.963551195
675.421762787
676.187721936
528.425996331
278.832439773
56.1648436076
2.08784485004
0.196326948793
0.0607101807092
0.0450648970688
0.0423058166481
0.041990979815
0.0427348995001
0.0444281574364
0.0529139035804
0.108326610245
0.596730640626
1.64218654255
1.41410266622
471.524618985
480.297622285
479.757538729
491.503978401
530.073315186
590.517883539
651.376595169
682.687195911
674.52708324
575.927553607
488.284592303
300.309363161
73.9690477517
4.29049300362
0.27861157784
0.0680522719457
0.0453919623281
0.0419104538203
0.0413080592472
0.0421549763995
0.0437042832127
0.052666163207
0.10844273498
0.586035030644
1.58020689136
1.29296326401
485.166854236
510.591990113
495.96786025
491.284112724
511.551847442
555.71083812
606.147095959
631.224137154
617.999240277
606.481988844
447.181386783
286.442721461
114.376060711
6.55052801853
0.475371788418
0.080998976696
0.0461475862736
0.0415052679144
0.0407687972327
0.041350537438
0.0431961655805
0.0522007329086
0.108443405596
0.57296076474
1.54065017098
1.19143629236
516.361463725
582.630601494
528.950824053
511.496209338
517.071297715
555.862181195
598.013466221
624.581768737
599.09601031
500.826507918
483.388472146
290.806096505
116.29268503
11.6498938818
0.69422470324
0.098449350794
0.0480708524154
0.0412801162352
0.0399428813667
0.0407668120961
0.0424459766372
0.0519129110481
0.108304863378
0.566258742209
1.51316685106
1.10892108096
589.772524346
663.735711278
605.248823685
546.533382589
547.17525279
575.958560549
617.331530232
647.960662854
625.987209459
526.672590109
333.693092718
300.148962221
129.04668024
20.5691086059
0.93091167131
0.135587085592
0.0504627745808
0.0410600253609
0.0394859341744
0.0399128927313
0.0419342993553
0.0513375844052
0.108149623637
0.557001579182
1.50375768129
1.044181524
669.559827177
704.202087832
682.075020003
626.57609688
585.952698967
626.859766021
671.628403035
706.135789492
708.242933674
592.491977427
400.9805621
147.583311491
110.811892653
26.9373824731
1.75155851006
0.157315020149
0.0549621609774
0.0409493094466
0.038712367154
0.0394207103383
0.0411249122507
0.0509876017405
0.107692490198
0.554359809919
1.50582409495
0.994303199793
708.098066205
697.376088036
716.478235939
699.043902307
673.414399741
670.316361961
739.259401117
800.857293493
808.631594997
744.550565546
479.906854918
207.336723021
49.0706981142
19.3807010615
1.9910112997
0.239362623551
0.0603293548579
0.041148197118
0.0382898058202
0.0385182125202
0.040627202495
0.050258624111
0.107386688782
0.549236230983
1.51427143695
0.961758343314
700.23036551
656.558475622
706.327320945
727.86867751
735.5839232
765.935729228
785.099345236
868.797373157
924.705046734
855.733293211
669.099075223
274.042478135
68.4379044235
18.1105927361
2.60393446991
0.281956490532
0.0694585897703
0.0419781498305
0.0375202824812
0.0380090969224
0.0397201132548
0.0497976420354
0.106595934784
0.549180099189
1.53222602855
0.938273911772
657.693184641
580.938401649
660.101508547
714.499419995
752.519307425
803.478659989
874.216071754
911.731108018
972.947657937
965.354665416
754.399211997
446.022023392
104.716082944
23.7877541735
10.222936138
1.42408116055
0.135810656077
0.0451567931609
0.037558292081
0.0369901656706
0.0392147353101
0.0488016931869
0.105982500644
0.547908805494
1.55091483744
0.930553758502
581.594372555
495.052756048
582.994373553
663.301137337
731.829572058
799.29964573
877.01683948
963.473176881
1000.53097657
982.695302442
851.826355716
509.712858791
196.707394753
38.4826403862
15.0060291503
8.18878650174
1.46492544573
0.096890511496
0.0398042104392
0.0369670181089
0.0381953696267
0.0481459515048
0.104511699116
0.548687594188
1.57461168063
0.931520504227
495.397616561
417.194930772
496.139288079
584.878498226
670.037762296
761.654136467
850.741812336
937.512661905
1001.46206045
991.871837535
855.377588785
593.498463858
259.062128685
70.4177804199
25.9679562204
44.3874644135
5.65726361286
1.05904708684
0.0941560527653
0.0396029851585
0.0380400984217
0.0464757453851
0.102954848163
0.545972772892
1.59969883794
0.942382466043
417.932140398
388.59412171
419.566022914
497.164628886
588.908694626
681.399308872
786.965411514
880.99150925
953.090246235
968.066120978
873.772144741
612.85378049
312.115036423
111.804299703
35.9790729498
36.563160773
4.6524224424
1.05536416863
0.0965864634324
0.0404650306189
0.0459601198404
0.0990379190456
0.542044018671
1.61429875661
0.955656678547
390.101791396
400.213056809
393.424504184
421.920855734
499.438305436
596.010838169
692.792048302
800.800567433
880.946557491
913.016269462
842.535248132
662.484559672
359.764974037
134.937662525
58.0386608376
37.8872146122
4.60837095644
1.12119105883
0.104906211784
0.048058973013
0.0954727830069
0.527585109538
1.63278963737
0.990848379101
402.320807813
419.212773098
406.94696413
398.145269184
427.396324162
504.033749666
603.090137764
698.471302161
798.932364764
853.04003003
861.123902788
672.672302698
438.617475918
175.954348184
66.4549761544
46.5086554006
4.82768246541
1.31206651027
0.177260657284
0.0870639740385
0.506447655677
1.62968093488
1.01155032619
420.928435406
415.501085761
424.678923486
413.467106138
408.922297916
440.644134828
510.726087067
607.814716147
693.235296073
783.67516208
831.725417867
923.043712696
507.805932933
257.336789678
88.4511510909
55.0322394584
5.36479027619
2.49720981737
0.139624203583
0.466208557205
1.6153846983
1.07201846104
416.79507164
335.308338556
419.608583411
429.932659842
428.204507091
433.573895162
463.641580253
521.840569068
609.414840749
680.491592224
774.041989077
892.546359558
1955.6161499
288.573384033
139.119999813
58.7986450886
7.72822782454
1.58432461658
0.389432079115
1.58529506952
1.10669859005
335.598091622
336.204455287
423.515202537
441.719283231
460.821288554
471.826113472
501.337544438
545.124494197
615.581644487
673.288544548
821.486547256
1315.64961065
188.168420136
78.3243793449
17.2278911902
8.15777273114
0.821024470925
1.40553212338
1.23725082439
337.013326709
432.18321717
467.203702288
508.794085372
530.292101336
559.696990906
591.989174064
651.93455192
740.632547583
1072.75754694
130.653946894
39.2388717007
10.5882671195
10.0745724655
41.2908652267
1.55699392291
1.27517963252
338.722047997
450.012667534
503.532301832
571.241133825
618.437548907
655.886609413
680.698792937
774.011290303
938.84341995
92.9558093982
27.1624533666
11.9161326782
13.1889076052
12.0063041849
34.5238550842
1.45573413258
341.391935846
472.80389622
548.575525005
643.527418465
731.102942315
814.424759496
844.617002558
773.153980274
72.9400642969
27.2013694845
15.7096549443
15.3776302108
22.8219353274
44.8313421092
28.2963471458
343.289916727
496.603272385
593.263790003
718.425599458
843.162384171
975.320501096
931.611502273
75.7118891305
59.5875516129
32.242814129
15.1287150148
15.5253435869
27.7277022078
88.7967770342
25.8258495167
342.650824599
515.381893925
623.329455245
775.047936355
916.729824428
981.15202686
574.157141815
29.331479393
57.8573540869
48.0195393703
10.4210299854
15.3889926657
29.103083096
101.718718169
21.8355223671
337.652159826
519.079629287
621.504348046
764.011073907
866.85333656
766.87179207
265.857817432
16.5778748733
76.4279679513
51.7559054574
19.7039645263
14.7812128574
28.8335986441
107.695746678
326.71013502
499.159897657
581.640522276
672.12814522
670.835012477
453.892059195
108.304972279
12.6894980951
81.0904819248
130.556671282
23.3984014337
14.0081208976
27.4276304348
107.442718611
307.39209379
452.394656022
497.558234712
513.541658314
412.462991292
203.013822379
42.7105125765
11.1523229637
42.0079945689
56.9312213127
61.4401581184
12.1418611095
26.8720583297
103.645446299
276.997489043
380.824359836
378.662756252
331.425242281
194.743767245
71.6935618998
27.2450086053
8.80296896868
13.5139185385
30.0769010892
51.6137129886
51.6609701601
24.34328504
98.7224829678
235.154752185
292.540665384
249.784150999
172.155087721
73.1119528244
34.1281871036
27.6647880449
8.44337228776
12.4152520501
19.5178101275
27.356270923
34.6470591199
32.8768274914
82.990094266
184.373520944
200.03761336
138.000104976
70.9141277086
32.1794138675
29.341077433
31.2041205969
26.4563558439
11.4180538691
19.8617439759
73.0906067897
19.7709113884
28.9597390962
130.627175476
117.131354847
62.8238225408
30.4657730026
24.8687026088
30.6653622789
26.1740038041
21.7423576328
9.96144824442
19.0028354434
79.4980921875
17.4180826449
81.5020415826
56.9460456491
27.3943397692
20.8526116218
25.1004918761
24.4534097338
16.8988976904
13.5173236657
8.79800556666
19.0763660892
77.4936404297
43.833467158
25.6032769675
16.458505962
19.6840075241
20.7761828584
14.5508474578
10.9762248507
7.65025613153
17.8638488349
75.6395588483
21.4429585681
14.6113943863
14.2203659681
17.2213440895
12.8767671845
9.00676314286
6.70544803026
17.2676827098
70.1293346492
11.6667169576
11.9167726261
13.0027675485
11.3524121234
7.54997055952
5.79787134571
16.4331861193
65.2163025705
8.47939782576
10.7836226588
9.38567282082
6.42866045519
4.91548438703
10.9758987493
58.1468200267
7.375441731
8.07417400695
5.39239305226
4.26475584837
7.64528395491
8.99262020897
5.82593395359
4.78023173874
3.73036661386
6.17843130691
6.69966391755
3.72126345363
3.41720235032
5.45349751472
5.4846509126
2.97171599641
5.05274529651
4.92741094313
4.61473994002
4.59171858694
4.31651835268
)
;

boundaryField
{
    inletfuel
    {
        type            turbulentMixingLengthDissipationRateInlet;
        mixingLength    0.005;
        phi             phi;
        k               k;
        value           uniform 1630.0935556;
    }
    inletair
    {
        type            turbulentMixingLengthDissipationRateInlet;
        mixingLength    0.005;
        phi             phi;
        k               k;
        value           uniform 0.0603738353925;
    }
    outlet
    {
        type            inletOutlet;
        inletValue      uniform 200;
        value           nonuniform List<scalar> 
26
(
335.308338556
335.598091622
336.204455287
337.013326709
338.722047997
341.391935846
343.289916727
342.650824599
337.652159826
326.71013502
307.39209379
276.997489043
235.154752185
184.373520944
130.627175476
81.5020415826
43.833467158
21.4429585681
11.6667169576
8.47939782576
7.375441731
5.82593395359
3.72126345363
2.97171599641
4.61473994002
4.31651835268
)
;
    }
    leftside
    {
        type            epsilonWallFunction;
        value           nonuniform List<scalar> 
65
(
1.88247929723
3.79580792022
0.221616371452
0.237057226369
0.244893353843
3.79580792022
5.84794969401
6.73767200969
6.93051317149
6.75703338314
6.34918193635
5.86060696573
5.36409955486
4.88447419709
4.43184831505
4.01008683051
3.62059570079
3.26299905204
2.93591064615
2.63904101284
2.36970149201
2.12841736476
1.912032931
1.72222320033
1.55705313669
1.41410266622
1.29296326401
1.19143629236
1.10892108096
1.044181524
0.994303199793
0.961758343314
0.938273911772
0.930553758502
0.931520504227
0.942382466043
0.955656678547
0.990848379101
1.01155032619
1.07201846104
1.10669859005
1.23725082439
1.27517963252
1.45573413258
44.8313421092
88.7967770342
101.718718169
107.695746678
107.442718611
103.645446299
98.7224829678
82.990094266
73.0906067897
79.4980921875
77.4936404297
75.6395588483
70.1293346492
65.2163025705
58.1468200267
8.99262020897
6.69966391755
5.4846509126
4.92741094313
4.59171858694
4.31651835268
)
;
    }
    burnerwall
    {
        type            epsilonWallFunction;
        value           nonuniform List<scalar> 7(61275.155464 50283.845953 45077.8041722 0.771484683069 0.704371856604 0.657295858533 1886.66636372);
    }
    front
    {
        type            wedge;
    }
    back
    {
        type            wedge;
    }
    reacting_to_fluid
    {
        type            epsilonWallFunction;
        value           nonuniform List<scalar> 
22
(
5.65726361286
4.6524224424
4.60837095644
4.82768246541
5.36479027619
7.72822782454
44.3874644135
41.2908652267
36.563160773
34.5238550842
37.8872146122
28.2963471458
46.5086554006
25.8258495167
55.0322394584
17.2278911902
10.5882671195
11.9161326782
15.7096549443
15.1287150148
21.8355223671
10.4210299854
)
;
    }
    reacting_to_solid
    {
        type            epsilonWallFunction;
        value           nonuniform List<scalar> 
22
(
288.573384033
188.168420136
130.653946894
92.9558093982
72.9400642969
59.5875516129
57.8573540869
1955.6161499
130.556671282
1315.64961065
61.4401581184
1072.75754694
51.6609701601
938.84341995
75.7118891305
29.331479393
16.5778748733
12.6894980951
11.1523229637
8.80296896868
32.8768274914
8.44337228776
)
;
    }
}


// ************************************************************************* //
