/*--------------------------------*- C++ -*----------------------------------*\
  =========                 |
  \\      /  F ield         | OpenFOAM: The Open Source CFD Toolbox
   \\    /   O peration     | Website:  https://openfoam.org
    \\  /    A nd           | Version:  10
     \\/     M anipulation  |
\*---------------------------------------------------------------------------*/
FoamFile
{
    format      ascii;
    class       volScalarField;
    location    "0.3/reacting";
    object      G;
}
// * * * * * * * * * * * * * * * * * * * * * * * * * * * * * * * * * * * * * //

dimensions      [1 0 -3 0 0 0 0];

internalField   nonuniform List<scalar> 
1571
(
7433.35456786
7433.3545678
7433.35458614
7433.35456772
7433.35457897
7433.35595632
7433.35456675
7433.35538265
7433.41392058
7433.35442141
7433.39587036
7435.90715343
7433.34417056
7436.06135992
7446.89364641
7436.60461984
7432.67406409
7447.29790861
7460.86800743
7448.50003304
7438.23905578
7429.42029183
7461.26523301
7474.01871594
7462.37580174
7451.0245422
7441.38790919
7422.96087471
7427.72187154
7474.30781276
7485.50736146
7475.03390201
7464.20044259
7455.03615992
7440.11645496
7419.65576458
7423.49746585
7426.65387766
7485.69475193
7495.47465466
7486.1123952
7475.98843425
7466.90754351
7456.67949422
7433.81839136
7415.59567588
7420.36997835
7423.64227524
7426.08235403
7495.60354603
7504.07719143
7495.87233198
7486.60229642
7477.36026097
7468.01081809
7451.94536847
7429.89288169
7416.33257074
7420.81021553
7423.72952041
7426.10092515
7504.16019108
7511.83409531
7504.31821015
7496.17791399
7487.32283245
7477.80220143
7464.4221162
7441.37701553
7429.04613857
7416.84781914
7421.10730571
7423.9122727
7426.35646477
7511.87572671
7519.5070357
7511.94319362
7504.48660518
7496.65873009
7487.58516239
7474.98230292
7453.91978639
7434.4037148
7429.07970455
7417.21291825
7421.33715676
7424.12842817
7426.55576461
7519.5234861
7527.734027
7519.54306797
7512.00344193
7504.7544809
7496.9657161
7486.02813596
7464.46144374
7442.02279308
7432.73076029
7429.21642235
7417.46277244
7421.50372908
7424.26346937
7426.56585824
7527.7427978
7536.66000575
7527.75109841
7519.5488884
7512.08424563
7504.93569715
7496.50524191
7475.41918046
7450.20182437
7437.44215963
7432.37263938
7429.20591601
7417.60834303
7421.57488203
7424.23999577
7426.35245461
7536.66793701
7546.01004092
7536.67871329
7527.74773191
7519.53108278
7512.07067259
7504.4632984
7488.21653923
7458.36200873
7442.87672414
7436.10708811
7432.18765288
7428.97038114
7417.64314667
7421.51114643
7424.02158879
7425.90897553
7546.01387599
7555.80699129
7546.01856595
7536.684283
7527.71848148
7519.40075771
7511.43570454
7498.61329619
7467.3313571
7448.69105602
7440.35237851
7435.55487521
7431.86997483
7428.49913543
7417.54896504
7421.27882582
7423.58890836
7425.22690812
7555.80286121
7566.50475541
7555.79156287
7546.01939595
7536.68215077
7527.58915674
7518.71965422
7506.49537562
7475.81519661
7454.86809155
7444.98913832
7439.30522958
7435.07736415
7431.34333857
7427.78803449
7417.30088399
7420.8499988
7422.92419407
7424.28865341
7566.49144746
7578.63658494
7566.46110466
7555.77189654
7546.01165512
7536.62506107
7527.02437683
7514.16958015
7483.699868
7461.18446316
7449.9511111
7443.40644604
7438.60323482
7434.46155851
7430.58788141
7426.82265169
7416.87053452
7420.19841109
7422.00472952
7423.06649211
7578.61363701
7592.81866259
7578.56308268
7566.41645553
7555.72088246
7545.95081032
7536.27753171
7523.07690273
7492.11650696
7467.50992773
7455.16944875
7447.82762203
7442.44544159
7437.86817604
7433.64453721
7429.58574925
7425.57663265
7416.22732035
7419.29558424
7420.80029924
7421.52250503
7592.79324166
7609.24156056
7592.7377009
7578.49159784
7566.31273144
7555.57347678
7545.65528836
7533.4956147
7502.58288951
7474.24956667
7460.61553518
7452.54545389
7446.59858145
7441.57234485
7436.97423312
7432.59544492
7428.30932832
7424.01239538
7415.33807026
7418.10799109
7419.2719221
7419.60821669
7609.2210925
7627.46108532
7609.17648256
7592.65994046
7578.33032674
7566.0647586
7555.17947657
7543.67795612
7516.72508113
7482.05680536
7466.41548675
7457.56273535
7451.06156647
7445.58120549
7440.59136152
7435.86900744
7431.28187331
7426.72010024
7422.08135414
7414.16570597
7416.59498138
7417.37076903
7417.26376065
7627.44105064
7647.37320756
7627.39731171
7609.11427926
7592.48546387
7577.96656402
7565.5615913
7553.22829012
7531.47673293
7491.59011423
7472.80685925
7462.92659527
7455.84593076
7449.90400136
7444.50962023
7439.42349539
7434.51208678
7429.66281672
7424.76867556
7419.72344342
7412.66738881
7414.70699181
7415.03685932
7414.41668812
7647.34603297
7669.63798532
7647.28653918
7627.33615877
7608.97503994
7592.09356071
7577.30874292
7563.76266104
7542.01623524
7501.63713149
7479.94789844
7468.72394097
7460.98145034
7454.55619877
7448.74391817
7443.27619465
7438.01838671
7432.85863373
7427.68728912
7422.39435861
7416.86624098
7410.79238843
7412.38367791
7412.19742401
7410.98105835
7669.60332178
7694.99772691
7669.52727429
7647.20294195
7627.19873621
7608.66289382
7591.40839555
7575.53220866
7554.06468244
7511.17364615
7487.5938775
7475.02122605
7466.51066857
7459.56187493
7453.31243691
7447.4454666
7441.81999618
7436.32665023
7430.85538767
7425.29348769
7419.52434791
7413.4245832
7408.47967784
7409.55167401
7408.76507998
7406.86046141
7694.96396393
7723.13673231
7694.88982011
7669.42003549
7647.01406299
7626.88795502
7608.11553076
7589.80216827
7567.28299284
7522.59454589
7495.58966109
7481.79425744
7472.47406506
7464.95194337
7458.23802551
7451.95177868
7445.93734859
7440.08711192
7434.29239585
7428.43902506
7422.40780262
7416.07337312
7409.30471183
7405.65496264
7406.12150085
7404.63673141
7401.9872764
7723.10568547
7753.40016769
7723.03741357
7694.78511205
7669.17681234
7646.58325932
7626.34437115
7606.87384013
7583.11937981
7537.74622749
7504.56495457
7489.04724961
7478.89436664
7470.75975546
7463.54815064
7456.81858202
7450.39262736
7444.16164239
7438.01908721
7431.85053989
7425.534767
7418.94407734
7411.94663545
7404.43639511
7402.22612399
7401.98178684
7399.69038274
7399.115143
7753.36378036
7786.22773586
7753.28358578
7722.94080683
7694.54725912
7668.6183881
7645.84762763
7625.18539227
7602.21249033
7555.85617808
7515.26411289
7496.97955852
7485.80893425
7477.01803726
7469.27391188
7462.07276366
7455.21032518
7448.5735575
7442.05774545
7435.54908282
7428.92491802
7422.05505345
7414.80443568
7407.05532215
7401.28730866
7398.07378491
7396.97665794
7397.94933586
7786.18329843
7822.45535386
7786.0852671
7753.16971289
7722.72090587
7693.99991437
7667.67823655
7644.44066536
7621.72665086
7580.00054311
7527.96509565
7505.85782507
7493.31353711
7483.76922973
7475.44989643
7467.74480216
7460.41772257
7453.34823053
7446.43237203
7439.55730955
7432.59952078
7425.42634926
7417.89834214
7409.88174079
7403.76337046
7400.0841412
7393.02592111
7822.40629541
7862.28594205
7822.29803349
7785.94586913
7752.90957523
7722.21271899
7693.08626128
7665.99693276
7641.06987195
7605.59750963
7544.02691039
7515.92061762
7501.54520428
7491.07880025
7482.117786
7473.86921887
7466.04529948
7458.51347301
7451.16893481
7443.8996281
7436.58150664
7429.07964784
7421.24993518
7412.9441891
7406.51491007
7402.53423376
7862.23478515
7905.33048397
7862.12185292
7822.14403058
7785.62702019
7752.30373162
7721.36684793
7691.50153357
7662.5217916
7627.65732106
7562.63878276
7527.6045927
7510.6368596
7499.03270633
7489.33076528
7480.4860115
7472.12722925
7464.09992035
7456.29564733
7448.60237343
7440.89556932
7433.03826303
7424.88193682
7416.26710976
7409.53729292
7405.27100702
7905.276629
7951.12797474
7905.15773011
7861.96114517
7821.79171703
7784.88353106
7751.2979182
7719.91949187
7688.40699779
7650.65194084
7583.12564276
7540.85416165
7520.75535168
7507.72290016
7497.15295221
7487.64222432
7478.70208809
7470.14144193
7461.84326953
7453.6940087
7445.56828616
7437.32718921
7428.81825899
7419.8736343
7412.83780723
7408.28522339
7951.06703653
7999.98130283
7950.93251216
7904.9885336
7861.59339671
7820.97105558
7783.66035506
7749.61315523
7717.20431017
7678.89246041
7609.37712094
7555.62493192
7531.96995946
7517.23970342
7505.65392076
7495.3917874
7485.81351129
7476.67558003
7467.84542247
7459.20534899
7450.62826604
7441.97319794
7433.08416506
7423.78712949
7416.43074353
7411.58102684
7999.91163776
8052.44478389
7999.75789087
7950.74112744
7904.60141749
7860.73689703
7819.6320714
7781.66875636
7746.63722454
7710.5450065
7642.38395001
7573.54990672
7544.34129601
7527.65659436
7514.90291354
7503.79337828
7493.51021973
7483.74392008
7474.33890085
7465.16979902
7456.10632051
7447.00497003
7437.70647079
7428.03205496
7420.33496373
7415.17097312
8052.36856404
8108.40480801
8052.20041209
7999.53927726
7950.30341178
7903.70073089
7859.34519976
7817.49456876
7778.33236613
7740.7269489
7685.24466107
7596.25671693
7558.40172359
7539.05590737
7524.96751363
7512.90785042
7501.84526629
7491.3922136
7481.36394063
7471.6235906
7462.03565042
7452.45325148
7442.71375052
7432.63444852
7424.57265149
7419.07302539
8108.32301448
8167.30810111
8108.14261678
8051.96148336
7999.03964375
7949.28657238
7902.24352862
7857.14486825
7814.03099056
7772.24109235
7721.39516353
7626.87168517
7574.84430735
7551.67396246
7535.92652465
7522.79848194
7510.87509541
7499.67019557
7488.964381
7478.60599708
7468.45203655
7458.35102178
7448.13653447
7437.62221842
7429.16869283
7423.3089119
8167.22015726
8228.57426206
8167.02623686
8107.88643496
8051.4159092
7997.88192914
7947.64922084
7899.96025511
7853.63276957
7807.99595758
7754.58920212
7660.51107461
7594.77221631
7565.79605197
7547.91247518
7533.53676268
7520.65974891
7508.63130876
7497.18769539
7486.15949744
7475.39401896
7464.73366353
7454.00749205
7443.02533962
7434.15040063
7427.90328807
8228.4771669
8292.37808605
8228.26309583
8166.75098623
8107.30189328
8050.15561271
7996.02852209
7945.10993273
7896.36951688
7847.68783194
7792.24370335
7695.49122318
7617.41775196
7581.78889326
7561.08536208
7545.21472017
7531.26513383
7518.33278794
7506.084953
7494.32987262
7482.90304754
7471.6391215
7460.36159854
7448.8760038
7439.5474251
7432.88334724
8292.27230662
8358.54735709
8292.03915914
8227.95934063
8166.1233328
8105.95490659
8048.15023641
7993.18367517
7941.18731914
7890.49164912
7834.42859795
7740.67648197
7642.41658316
7599.61124802
7575.60303407
7557.9363243
7542.76620287
7528.83634936
7515.71083783
7503.1662401
7491.02358802
7479.1080381
7467.23628135
7455.20874498
7445.3917615
7438.27867373
8358.42741044
8428.7914705
8358.16313725
8291.70852847
8227.26697948
8164.68013984
8103.8214395
8045.10245958
7988.86873541
7935.0157987
7879.62844102
7794.17904106
7674.21167799
7619.27717341
7591.53601778
7571.80213798
7555.24348349
7540.20877074
7526.12375937
7512.72104694
7499.80317217
7487.18385178
7474.67153967
7462.0605476
7451.71780549
7444.12122218
8428.64613762
8509.6105338
8428.32605849
8357.78862769
8290.95546016
8225.67731091
8162.40322781
8100.60202624
8040.54280705
7982.25661931
7924.562034
7849.24818842
7716.71167253
7642.12883453
7608.98839353
7586.89199027
7568.77628806
7552.52029986
7537.38575836
7523.05000546
7509.29238175
7495.91284376
7482.71002819
7469.47093422
7458.56242562
7450.44535886
8509.42701869
8614.15453447
8509.02299098
8427.87279193
8356.93635301
8289.23055815
8223.17596594
8158.9878769
8095.83242079
8033.6826587
7971.50101162
7898.11754373
7766.32755104
7670.06904977
7628.40496273
7603.30569713
7583.43959716
7565.84170387
7549.56164408
7534.2118587
7519.54474315
7505.34411657
7491.39709227
7477.48202444
7465.9650326
7457.28792722
8613.90464277
8769.41853814
8613.35436308
8508.45122155
8426.84219989
8354.98974403
8286.52803266
8219.43958802
8153.97017748
8088.73872183
8022.80447133
7946.78877189
7819.43526084
7702.2824045
7650.44499627
7621.25592248
7599.31754497
7580.24333068
7562.71760205
7546.26781654
7530.61648265
7515.52948205
7500.78073841
7486.13855212
7473.96762806
7464.6883135
8769.14358145
8982.78760485
8768.53850009
8612.57530542
8507.15225909
8424.49513495
8351.95492216
8282.51765087
8213.98359089
8146.60123334
8077.72907633
8000.52719611
7877.07915879
7738.539718
7675.02794026
7640.99343
7616.53276772
7595.79953655
7576.92046641
7559.28072509
7542.56608548
7526.52322793
7510.91151936
7495.48782403
7482.61481584
7472.6884936
8982.55904047
9223.87951392
8982.05638726
8767.68274675
8610.8045489
8504.20273451
8420.85346715
8347.48468866
8276.71786676
8206.04605666
8135.45830499
8057.36035416
7942.41760315
7782.14948225
7702.14483759
7662.56416594
7635.213
7612.59564941
7592.23851027
7573.31430763
7555.45365716
7538.38172934
7521.84230867
7505.57959956
7491.9537574
7481.33304324
9223.69229276
9461.17938377
9223.28056241
8981.34632533
8765.73995975
8606.77930173
8499.65096886
8415.52619685
8341.08518723
8268.3968483
8194.29392787
8116.6466214
8008.01740542
7833.87833286
7732.92191763
7686.02823198
7655.41557579
7630.71385981
7608.74188529
7588.43261703
7569.34014774
7551.16288201
7533.62793586
7516.46586706
7502.03404987
7490.66909273
9461.00856392
9675.05492656
9460.63286182
9222.69895916
8979.7365821
8761.34003162
8600.56046193
8493.04780601
8407.97291137
8332.02651253
8256.32724278
8175.59113853
8074.10026233
7897.1994439
7768.13395833
7711.69580417
7677.19783998
7650.20798098
7626.49599202
7604.69886285
7584.28641267
7564.92534186
7546.32465312
7528.200489
7512.90750244
7500.74620476
9674.87738442
9859.94366637
9674.48685387
9460.10205402
9221.38050608
8976.10755202
8754.5746903
8591.52866448
8483.79781494
8397.41249966
8319.12239666
8237.75373278
8136.91415281
7968.79064669
7809.92602521
7739.94927573
7700.69838688
7671.12444539
7645.55186388
7622.17180333
7600.35179234
7579.72752439
7559.98940206
7540.83868562
7524.62778309
7511.61615086
9859.72919249
10033.6250102
9859.25734847
9673.93500272
9458.89846171
9218.40705149
8970.56141246
8744.79498548
8578.8781929
8471.07631672
8382.58135256
8299.85238724
8201.38548463
8046.13653063
7858.7053339
7771.54774969
7726.06674375
7693.53355032
7665.95174104
7640.9013301
7617.59176055
7595.62624503
7574.67883943
7554.4363235
7537.2499053
7523.33255841
10033.3237748
10259.4427219
10032.6608961
9858.59047186
9672.68339268
9456.18057377
9213.85708153
8962.59724829
8731.0369352
8561.57947425
8453.57966157
8360.77427564
8265.50124953
8116.95390934
7918.04619216
7806.92282626
7753.59719518
7717.50868778
7687.73879254
7660.92864075
7636.0552211
7612.67488941
7590.44806698
7569.04897277
7550.82952094
7535.95039798
10259.0406135
10623.5188998
10258.1556833
10031.7236193
9857.0777671
9669.85234592
9452.01022267
9207.29760305
8951.47228109
8711.47844828
8538.20014477
8428.47813705
8323.07906086
8191.36451062
7978.75268882
7846.84248037
7783.49620957
7743.16294292
7710.95128375
7682.2880087
7655.78296943
7630.92129343
7607.3490269
7584.73069616
7565.42198422
7549.52527708
10623.0145123
11240.9346322
10621.9043185
10256.9044164
10029.5961805
9853.65484655
9665.49534066
9445.96181701
9198.00570382
8935.73136731
8681.83256295
8505.45034583
8386.69404732
8249.03260726
8045.57831206
7890.00386466
7815.85088399
7770.57163244
7735.6286007
7705.00357976
7676.80650597
7650.40572277
7625.42860457
7601.53254353
7581.08115176
7564.1125054
11240.7762848
11781.677509
11240.4285443
10620.3342057
10254.0646178
10024.7626963
9848.38127215
9659.13114241
9437.32061925
9184.49341085
8911.6378051
8633.04994235
8453.79456795
8307.41312907
8115.69566893
7937.68338676
7850.5466352
7799.75953146
7761.7798678
7729.08586714
7699.14488263
7671.15870696
7644.72652617
7619.50075227
7597.85789355
7579.76589696
11781.6252154
12126.8635271
11781.5102131
11239.9388917
10616.7696685
10247.6170672
10017.2660639
9840.66024412
9649.93691425
9424.59754362
9163.81966809
8871.76155619
8548.54086895
8361.510746
8168.40070015
7991.3584973
7888.36565607
7830.69103744
7789.37527359
7754.51624966
7722.79961811
7693.19789529
7665.27297585
7638.67467182
7615.79831006
7596.53628411
12126.8136535
12235.787719
12126.7039085
11781.3478879
11238.8332644
10608.6519966
10237.6403739
10006.2006171
9829.44400464
9636.26261568
9405.25137786
9131.09234122
8805.8268268
8418.72981334
8218.17111661
8041.15505187
7929.94906138
7863.71981288
7818.36158177
7781.2359477
7747.74460553
7716.5234784
7687.08568228
7659.08440913
7634.94166648
7614.46973773
12235.6926059
12134.5041773
12235.4836258
12126.5488931
11780.98018
11236.364116
10595.9855234
10222.9760362
9989.99629313
9812.93391218
9615.74129209
9375.76916061
9080.42082568
8718.69937225
8281.89175869
8097.65876592
7972.9913839
7899.12309838
7848.79520239
7809.14881548
7773.91507399
7741.11127616
7710.16632473
7680.74819609
7655.31805258
7633.6055035
12134.1701522
12175.4118882
12133.4344137
12235.1891368
12126.1978404
11780.1501848
11232.6706949
10577.1303214
10201.7753525
9966.21369705
9788.72143947
9585.89770581
9333.03010604
9014.50040864
8638.11531219
8170.03195858
8021.93886686
7935.98344311
7880.60333769
7838.13015145
7801.19677151
7766.9042603
7734.49631675
7703.66965442
7676.94581033
7653.97366489
12175.0880568
12387.3171733
12174.375217
12132.3928015
12234.5238108
12125.4090488
11778.8897147
11227.5504183
10549.6211748
10171.3240749
9931.75048404
9754.49798184
9545.01959036
9278.97845933
8951.90322306
8588.50102142
8066.52161893
7974.63255441
7913.04631084
7867.86041595
7829.39439533
7793.80099441
7760.03282119
7727.83563849
7699.82896855
7675.59258181
12387.0315903
12753.816134
12386.4031218
12173.3670862
12130.0257186
12233.0388702
12124.2272414
11777.1355573
11220.8507687
10509.865716
10128.4501874
9882.90206941
9708.71574134
9495.29257097
9224.16365962
8910.37664513
8004.40412965
7944.55130311
7897.54395914
7858.10419252
7821.62737859
7786.70607881
7753.21658988
7723.9554831
7698.46635601
12753.5470812
13296.4422474
12752.955105
12385.5147322
12171.0789783
12124.6337129
12230.8264647
12122.6139805
11774.8931335
11212.650298
10452.6437407
10070.3449023
9815.42130092
9652.46172516
9444.96617043
9182.15080097
7966.30418233
7925.26410503
7886.59252165
7850.06489441
7814.41817498
7779.77408658
7749.29846813
7722.58314232
13296.1560345
14136.1532862
13295.5262696
12752.1185818
12383.4995324
12165.8904518
12116.2937607
12227.805447
12120.5974982
11772.3198171
11203.5356043
10371.1201452
9994.64922818
9725.89330227
9592.86363633
9403.89641293
7943.43454163
7913.28268769
7878.66715065
7843.05410444
7807.48750082
7775.82587047
7747.91653765
14135.7402789
15653.4018994
14134.8315959
13294.6362782
12750.221796
12378.9390276
12157.9214414
12104.1811947
12223.9727425
12118.3426889
11769.8511435
11194.9111179
10257.3846753
9899.2646713
9612.73866113
9542.72075447
7931.65963975
7906.80601515
7872.64441101
7836.43582732
7803.53288421
7774.43563759
15652.4654128
19487.0479328
15650.4056529
14133.5475786
13292.6180837
12745.9349976
12371.955759
12146.4617292
12087.2272769
12219.4879036
12116.2407488
11768.3625383
11190.160866
10103.8433144
9783.63842047
9472.93517702
7930.23805747
7904.17817067
7867.05581518
7832.53852118
7802.13848952
19482.8553863
19473.6434258
15647.4967316
14130.6362402
13288.0558669
12739.3838792
12361.9531412
12130.6328253
12064.0345468
12214.8047839
12115.0177497
11769.3006571
9952.00733433
9644.9277278
9309.04456685
7941.24153952
7901.03538616
7863.36799685
7831.15133517
19460.657329
15640.9055897
14124.0590731
13281.0830238
12730.0254996
12348.1986343
12109.3451286
12032.7175736
12210.890264
12116.0002551
9803.66007481
9483.551441
9154.76805469
7943.16294043
8001.10386937
7897.7793328
7862.01589594
19431.298354
15626.0486483
14114.0152407
13271.1249829
12717.2064578
12329.7882196
12081.1910856
11990.390034
12209.5928086
9652.91617344
9315.43873264
9010.00348148
8001.73111705
7940.5022272
8075.02902307
7896.49983402
19365.6363449
15603.440776
14099.6880584
13257.4968104
12700.1542048
12305.60966
12044.2100252
11930.5646498
9497.8603462
9152.60881668
8867.31184362
8075.38302597
7998.83802861
7939.29400118
8165.09109947
19267.0220384
15571.3501716
14080.1111078
13239.3938181
12677.9779355
12274.3001822
11995.285852
11842.3186705
9344.72242494
9003.05978265
8733.56081502
8165.38555538
8072.38240139
7997.5726036
8273.21528499
19129.7238191
15527.7867999
14054.1655111
13215.8869584
12649.6756995
12234.3707959
11931.4765812
11731.9986472
9203.64150443
8873.59058024
8624.11736964
8273.52842237
8162.3149658
8071.08353455
8401.73977695
18948.1687158
15470.5373266
14020.5904167
13185.9477312
12614.1682268
12184.7083994
11853.2590493
11610.1990167
9085.34668266
8772.37450696
8570.02407502
8402.05686246
8270.39613228
8160.98920441
18717.4757245
15397.2499976
13978.0020343
13148.512896
12570.4382443
12125.0361546
11764.2878558
11483.5475389
8985.11298549
9256.10997167
8722.92738626
8554.86071559
8398.79804407
8269.04323629
18434.1418296
15305.5796232
13924.9327047
13102.5079162
12517.8387247
12055.901044
11668.3383197
11353.7386632
8913.63704534
9214.18785151
9532.71660343
8707.03642986
8549.60918252
8397.40306341
18096.8721668
15193.3792376
13859.929148
13046.9017637
12456.2971885
11978.7200383
11567.7645109
11216.8919242
8890.7905534
9170.8976325
9500.02964322
9873.92026826
8703.04993641
8547.85392222
17707.4380148
15058.9291776
13781.6902873
12981.0863453
12386.3812695
11895.9570605
11465.359104
11066.3167554
9144.0378595
8887.26951252
9463.69294269
9843.90769743
10294.5136732
8701.54667073
17271.3912506
14901.1961103
13689.2196182
12905.1657957
12309.8424301
11811.3031497
11363.6270773
10896.9399126
9436.28232473
9137.15242548
8885.84212884
9808.39598389
10256.6177769
16798.6205629
14720.0559034
13582.3125526
12820.4755523
12230.1671287
11728.1069551
11264.3116239
10770.3439412
9778.2317397
9428.23970338
9135.05791849
10211.2625953
16302.9963106
14516.9369875
13462.7429515
12730.6032045
12151.0607831
11648.3158743
11172.3263728
10674.8743146
10172.665321
9768.66818706
9425.81233893
15800.9532366
14296.6914037
13335.446832
12640.2673016
12075.0040542
11573.2673717
11092.9251083
10611.4256795
10160.6777759
9765.817361
15310.8009454
14069.5010784
13207.6544153
12553.2584174
12003.6271519
11505.9201979
11034.1848942
10594.9209366
10157.2209918
14852.5462521
13849.1467633
13086.2848802
12472.46796
11939.1059335
11452.5150086
11016.8742277
10590.4813398
14444.9933399
13648.2250662
12976.6408277
12400.819496
11886.2830974
11434.5758217
11012.0121862
14101.1911742
13475.5591666
12883.2442463
12342.9073281
11866.7259037
11429.2136787
13827.3174257
13337.3921
12811.4883465
12320.8257808
11860.7273986
13624.6054123
13239.1823547
12785.5138079
12313.9596436
13492.4651612
13207.3258874
12777.5242147
13454.3566241
13197.8554925
13443.44557
)
;

boundaryField
{
    inletfuel
    {
        type            MarshakRadiation;
        refValue        uniform 1694.58619584;
        refGradient     uniform 0;
        valueFraction   nonuniform List<scalar> 3(5.60030142804e-11 4.97877305063e-11 3.47266848521e-11);
        value           nonuniform List<scalar> 3(7433.35456753 7433.35456751 7433.35456752);
        emissivityMode  lookup;
        emissivity      uniform 1;
    }
    inletair
    {
        type            MarshakRadiation;
        refValue        uniform 1694.58619584;
        refGradient     uniform 0;
        valueFraction   nonuniform List<scalar> 
20
(
0.000368963006555
0.000368989755616
0.00036902453597
0.000369027603732
0.00036899487613
0.000368962408252
0.000368944368917
0.000368937254534
0.000368935051268
0.000368934465423
0.000368934322886
0.000368934296887
0.000368934300392
0.000368934326519
0.000368934270949
0.000368934349417
0.000368934076037
0.000368934319292
0.000368933653144
0.000368934339614
)
;
        value           nonuniform List<scalar> 
20
(
7413.48483503
7414.22130494
7414.7361642
7415.10111102
7415.35106031
7415.496763
7415.53165704
7415.43755087
7415.18957396
7414.7593866
7414.11641056
7413.22748869
7412.0555569
7410.55779237
7408.68348406
7406.37162626
7403.54795476
7400.12037973
7395.9695764
7390.92357101
)
;
        emissivityMode  lookup;
        emissivity      uniform 1;
    }
    outlet
    {
        type            MarshakRadiation;
        refValue        nonuniform List<scalar> 
26
(
1164528.88941
1161863.13981
1155995.78755
1147756.89347
1129288.85822
1088389.38455
1029145.77968
951422.146403
856290.293863
746358.868953
625982.086735
501443.173255
380323.175812
270162.552596
177445.250953
106357.093217
57744.8738863
29157.2226908
14966.4782384
8527.37991439
5513.04403545
3952.7475316
2997.64042553
2328.53655249
2118.88662939
2064.13049071
)
;
        refGradient     uniform 0;
        valueFraction   nonuniform List<scalar> 
26
(
0.00647409393681
0.00647702933193
0.00648351302528
0.00649266830828
0.00651341124869
0.00656053440056
0.00663163081138
0.00673025203514
0.00686109528347
0.00702974125629
0.00724241001492
0.00750500021187
0.00782181799567
0.00819359420289
0.00860869057109
0.00905802101329
0.00951054971522
0.00987481037613
0.00998792127352
0.00976707298108
0.00923639702769
0.00845578465705
0.00746416500805
0.00619205783212
0.00537532547879
0.00513737411256
)
;
        value           nonuniform List<scalar> 
26
(
26900.156376
26882.0859968
26842.2995507
26786.3105438
26660.2570689
26379.0034201
25964.1651233
25404.2867935
24693.2528213
23832.6064463
22834.2531503
21724.3862589
20543.7523182
19343.4788041
18181.5776952
17118.7082127
16199.8629792
15447.5317345
14853.6841958
14387.1955777
14021.8676375
13743.8201891
13545.2839921
13423.3374696
13393.4247834
13384.9857713
)
;
        emissivityMode  lookup;
        emissivity      uniform 1;
    }
    leftside
    {
        type            MarshakRadiation;
        refValue        uniform 1694.58619584;
        refGradient     uniform 0;
        valueFraction   nonuniform List<scalar> 
65
(
0.000158802513467
0.000158802743025
0.000514241611407
0.000514241200866
0.000514240986006
0.000112021644371
0.000112021677704
0.000112021973649
0.000112022363889
0.000112022684027
0.000112022873169
0.000112022954715
0.000112022965534
0.00011202293986
0.000112022898038
0.000112022851173
0.000112022803846
0.000112022757738
0.000112022712649
0.000112022667801
0.000112022621613
0.000112022572704
0.000112022519066
0.000112022459758
0.00011202239222
0.000112022315268
0.000112022227413
0.00011202212836
0.000112022018284
0.000112021898546
0.000112021770442
0.000112021635918
0.000112021496047
0.000112021353662
0.000112021210344
0.000112021071361
0.000112020935829
0.000112020813748
0.000112020705607
0.000112020712169
0.000112021119365
0.000112025721348
0.000112065284241
0.000112599712869
0.000117003748652
0.000118201379286
0.000118919596368
0.000119450023921
0.000119904097552
0.000120301026782
0.000120728891001
0.000121376653206
0.000129495038791
0.000137338113764
0.000148416450744
0.00016081093101
0.000175587168133
0.000191215569547
0.000207556391633
0.000234745037884
0.000261005456191
0.000288340062753
0.000314750451244
0.000341493211379
0.00036411916432
)
;
        value           nonuniform List<scalar> 
65
(
7398.20924947
7397.04362614
7390.09554628
7394.04425382
7396.75658434
7397.31043574
7399.44500175
7401.89481816
7404.63128261
7407.64515949
7410.94059265
7414.53013631
7418.4317514
7422.66716354
7427.26102527
7432.24052683
7437.63524919
7443.47714341
7449.80057191
7456.642374
7464.04193153
7472.04121571
7480.68479728
7490.01980126
7500.09578483
7510.96451369
7522.67960926
7535.29603593
7548.86939499
7563.45498992
7579.10662871
7595.875138
7613.80658352
7632.94020652
7653.30608709
7674.92258307
7697.79379573
7721.9078812
7747.23843931
7773.75456853
7801.45431467
7830.46388203
7861.32474117
7895.80150033
7938.56334696
7996.82758191
8070.32524406
8160.21679241
8268.25493195
8396.59670766
8547.02653481
8700.69618932
8884.91089687
9134.03605814
9424.66489778
9764.5194188
10155.7350617
10588.7803062
11010.0782949
11426.9285232
11858.0739803
12310.8976528
12774.035855
13193.9272041
13439.1675851
)
;
        emissivityMode  lookup;
        emissivity      uniform 1;
    }
    burnerwall
    {
        type            MarshakRadiation;
        refValue        nonuniform List<scalar> 7(1695.1351707 1695.23667613 1695.56248471 1694.59634621 1694.84109776 1710.73616752 3010.54302682);
        refGradient     uniform 0;
        valueFraction   nonuniform List<scalar> 7(4.11327383816e-12 7.46827147252e-10 1.08942416103e-07 0.000112472759075 0.000112806334447 0.000138179869491 0.000465471785577);
        value           nonuniform List<scalar> 7(7433.3545677 7433.35456246 7433.35379632 7414.95221931 7419.00996922 7422.17156025 7430.61568686);
        emissivityMode  lookup;
        emissivity      uniform 1;
    }
    front
    {
        type            wedge;
    }
    back
    {
        type            wedge;
    }
    reacting_to_fluid
    {
        type            MarshakRadiation;
        refValue        nonuniform List<scalar> 
22
(
2875.01862979
3004.65795121
3045.91567087
3029.23696685
2975.40017591
2839.11537137
2976.38094157
2947.96955245
3187.29439362
3051.71685819
3413.30149191
3085.59264932
3936.93918761
3087.89315675
4416.70210208
5629.76504313
5758.6110436
5774.78902645
5612.01071129
4873.41489883
3036.83462028
3572.62035352
)
;
        refGradient     uniform 0;
        valueFraction   nonuniform List<scalar> 
22
(
0.00238171938013
0.00176665597069
0.00137715455854
0.00116809009862
0.00103833683083
0.000940727523055
0.0015034718467
0.000576141980147
0.00173783608184
0.000572713223641
0.00209819186359
0.000569416748715
0.00230858787772
0.000566088186787
0.00260254854248
0.00993594746603
0.00873729834784
0.00813437806228
0.00775886455811
0.00630561377307
0.000565608902383
0.00427571078363
)
;
        value           nonuniform List<scalar> 
22
(
8054.15691565
7995.57129821
7959.52804686
7937.6943161
7926.51337301
7925.44869823
8580.06335688
7998.19254656
8900.4308663
8072.15210576
9170.04664829
8162.19874798
9391.27546175
8270.27993539
9529.3800421
9272.48743879
9125.09481765
8983.68702399
8842.05440304
8709.22022576
8398.70533884
8602.51862937
)
;
        emissivityMode  lookup;
        emissivity      uniform 1;
    }
    reacting_to_solid
    {
        type            MarshakRadiation;
        refValue        nonuniform List<scalar> 
22
(
14213.3534585
14197.1643682
14186.94967
14181.2680552
14178.6947721
14177.8765615
14178.0906099
14217.4573465
14177.3488733
14218.5933005
14176.2074673
14219.8156181
14174.9393024
14222.7563305
14215.1486567
14195.8360228
14184.7326954
14179.3719636
14177.0501547
14175.8661944
14174.2265343
14174.7198345
)
;
        refGradient     uniform 0;
        valueFraction   nonuniform List<scalar> 
22
(
0.00580346525505
0.00604526105644
0.0064486031114
0.00718951485515
0.00784594945781
0.00821344883221
0.00808506626842
0.00112398364524
0.00293880740764
0.00111677291468
0.0027838172097
0.00113527880448
0.00262403676749
0.00110551547252
0.00849629832848
0.00953261116366
0.00968884434171
0.00929607891156
0.00871543444652
0.00833336639512
0.00257941016834
0.00794164258979
)
;
        value           nonuniform List<scalar> 
22
(
10127.6927138
9977.67041682
9831.92616973
9685.47282656
9534.58593652
9384.41928913
9243.8602551
11193.5634977
9270.57254501
11772.0359608
9545.64323321
12118.3886721
9885.20630034
12211.818392
11862.478942
11755.4854508
11635.1432728
11508.6081355
11378.3450495
11241.5501409
10304.521044
11091.0025816
)
;
        emissivityMode  lookup;
        emissivity      uniform 1;
    }
}


// ************************************************************************* //
