/*--------------------------------*- C++ -*----------------------------------*\
  =========                 |
  \\      /  F ield         | OpenFOAM: The Open Source CFD Toolbox
   \\    /   O peration     | Website:  https://openfoam.org
    \\  /    A nd           | Version:  10
     \\/     M anipulation  |
\*---------------------------------------------------------------------------*/
FoamFile
{
    format      ascii;
    class       volScalarField;
    location    "0.3/reacting";
    object      H2;
}
// * * * * * * * * * * * * * * * * * * * * * * * * * * * * * * * * * * * * * //

dimensions      [0 0 0 0 0 0 0];

internalField   nonuniform List<scalar> 
1571
(
0.999999975775
0.99999998045
0.999997607707
0.999999992248
0.999997299213
0.999861952335
0.999997849691
0.999723439179
0.994662770524
0.999259281246
0.97919693085
0.986239526384
0.806487837456
0.960800421391
0.974608025161
0.783931392004
0.239264351475
0.940028324254
0.957925684124
0.768334016752
0.292889687036
0.0203489652634
0.912419799568
0.934725940026
0.736499408524
0.387444546079
0.0304282001023
0.00026603744551
0.000485479574351
0.875460520428
0.905096840942
0.698968526995
0.437418233044
0.0806639368676
0.00206077656961
2.54739417879e-06
3.74136428792e-05
6.38474196817e-05
0.835378376525
0.869170586923
0.667899633043
0.467371080968
0.116424274743
0.00394038274798
0.000328947086535
1.79333634543e-08
1.43827583274e-06
8.58921991451e-06
1.61122443964e-05
0.794323884744
0.82791660534
0.64162572054
0.479298285242
0.153531972289
0.0121664270262
0.000280129018061
8.53214351031e-05
3.56955840741e-08
6.98505304702e-07
2.76421547868e-06
4.42244945453e-06
0.753539440841
0.78132069583
0.618777083293
0.482846331327
0.188507275556
0.0275751379445
0.000384649588225
8.20068392593e-05
1.8659693312e-05
3.0180379956e-08
3.0077425709e-07
8.0464201758e-07
1.05757245255e-06
0.712738876416
0.730741309143
0.596161044493
0.482982010233
0.220433263137
0.0438761740189
0.00070846488265
6.64531563119e-05
2.83288499398e-05
4.18237959708e-06
1.67005863566e-08
1.03942348014e-07
2.01366998634e-07
2.08733927032e-07
0.671391610767
0.679431761302
0.572273690638
0.478768348748
0.249689150764
0.0601376303439
0.00142359758407
5.89793055197e-05
2.89770786324e-05
7.40189965559e-06
8.19787151413e-07
6.89023192405e-09
2.93926388961e-08
4.18268128838e-08
3.42549461306e-08
0.630530474551
0.630323278868
0.547441745286
0.470865653764
0.272324678144
0.0785686966226
0.00308461264719
5.94499127654e-05
2.5737737268e-05
9.57763416342e-06
1.7905097855e-06
1.3249007828e-07
2.26059995103e-09
6.83588547789e-09
7.21491336696e-09
4.70611547712e-09
0.590788857843
0.584204605874
0.521994979355
0.460444377565
0.28992934771
0.0972727734062
0.0126820160572
9.00129932571e-05
2.18692600822e-05
1.06104510805e-05
2.73091249743e-06
3.40021598556e-07
1.79756639688e-08
6.02667223333e-10
1.3160317141e-09
1.03975130052e-09
5.45347316398e-10
0.55243172537
0.541054307644
0.4955807808
0.447853069845
0.303240310888
0.115459031947
0.0219394107705
0.00022197787415
2.02968419226e-05
1.06094597752e-05
3.40625963935e-06
6.24450606082e-07
5.10186723807e-08
2.06850006792e-09
1.31744838649e-10
2.09910331084e-10
1.25933473376e-10
5.36595500925e-11
0.515796271511
0.500807142419
0.469102112651
0.432493459489
0.312223222087
0.132998801085
0.0300948705418
0.000410946646444
2.34905348493e-05
1.01718857196e-05
3.84497193256e-06
9.23189298401e-07
1.09236622771e-07
6.26922851256e-09
2.02759141345e-10
2.3719101277e-11
2.78374000426e-11
1.28931087133e-11
4.51045654869e-12
0.480702796669
0.462659152035
0.442420693503
0.415856964088
0.315524161901
0.150860066852
0.0387331067769
0.000704959130388
2.85602047177e-05
9.84340881162e-06
4.100295744e-06
1.19279392394e-06
1.89314393919e-07
1.50512158203e-08
6.43942110982e-10
1.70083684866e-11
3.53557501354e-12
3.08877820121e-12
1.12244774483e-12
3.25494604001e-13
0.446486342747
0.425948180964
0.414986055632
0.397555149829
0.31515425771
0.16772531307
0.049349782428
0.0012391481212
3.89800488587e-05
9.70295045956e-06
4.24055211782e-06
1.41982445406e-06
2.82519924252e-07
2.97723024425e-08
1.68771435136e-09
5.59859417674e-11
1.22634562485e-12
4.3783484867e-13
2.88507090259e-13
8.35443095032e-14
2.03266837993e-14
0.412916857171
0.391037147705
0.387076566563
0.377220403553
0.311075716222
0.181410837247
0.0615818155248
0.00247151975232
5.30357879805e-05
1.01881015037e-05
4.30745849072e-06
1.60120821507e-06
3.81568837224e-07
5.07744180497e-08
3.7214215944e-09
1.57288649607e-10
4.15858605189e-12
7.66407140783e-14
4.52679850034e-14
2.28395780115e-14
5.35594676671e-15
1.1063929628e-15
0.380594553267
0.358668689852
0.359576205881
0.355510545614
0.303470549163
0.192627479428
0.0728715358466
0.00758953642607
7.15461720039e-05
1.11920503801e-05
4.42131514464e-06
1.7462100037e-06
4.80550417398e-07
7.76863995534e-08
7.12285057521e-09
3.79701258353e-10
1.23714779571e-11
2.6684778042e-13
4.18330870235e-15
3.9296999729e-15
1.54302607646e-15
2.97864908003e-16
5.31261644039e-17
0.350340436866
0.328920060359
0.333355147833
0.333467398044
0.293098085841
0.199635540828
0.0869572126755
0.0134369377015
0.000141938552601
1.282449677e-05
4.55617097815e-06
1.85259386197e-06
5.75876096729e-07
1.09633290272e-07
1.22031977257e-08
8.03452577522e-10
3.22461753073e-11
8.33764893452e-13
1.49324333291e-14
2.02479209363e-16
2.87152296834e-16
8.96405103112e-17
1.44947855628e-17
2.28043950018e-18
0.322256223614
0.301451892754
0.308506743912
0.311910018298
0.281217703429
0.202835993536
0.0994458900843
0.0222195777741
0.000216619195915
1.6429382414e-05
4.7848051565e-06
1.94978536489e-06
6.64161350165e-07
1.4557160751e-07
1.91792494665e-08
1.52452320974e-09
7.44904562168e-11
2.3221606723e-12
4.87481012899e-14
7.42389286717e-16
8.81722818936e-18
1.78261936703e-17
4.49974668896e-18
6.24783447352e-19
8.89776662042e-20
0.29609516837
0.276007286807
0.284938358713
0.290878946634
0.268421541245
0.202645802644
0.110806428001
0.0309421703301
0.000445862648944
2.15995162609e-05
5.15488082083e-06
2.0506933764e-06
7.46673748324e-07
1.84375992088e-07
2.81766475131e-08
2.64735654372e-09
1.54939178863e-10
5.79500930898e-12
1.43979601866e-13
2.52828577683e-15
3.33314145634e-17
3.56835324544e-19
9.37339985574e-19
1.97563461281e-19
2.39173177706e-20
3.00592637013e-21
0.271692440285
0.252471110091
0.262635083275
0.270453057277
0.254663386217
0.200390527241
0.119288393203
0.0403642929683
0.000950405335658
3.4983819613e-05
5.85173322233e-06
2.16231887058e-06
8.25021343329e-07
2.25459833781e-07
3.9265032866e-08
4.28039244332e-09
2.94953763699e-10
1.30942950217e-11
3.8488164151e-13
7.88280607405e-15
1.1851277056e-16
1.41621507953e-18
1.2789388926e-20
4.23787003007e-20
7.52608472182e-21
7.84439213042e-22
4.46981460614e-23
0.248990227697
0.230774489649
0.241632841432
0.250747139918
0.240372468724
0.195980698276
0.126403681579
0.0489081747419
0.00191193831841
5.605320796e-05
7.40962725438e-06
2.31250945653e-06
9.01958287446e-07
2.68385910882e-07
5.24774019907e-08
6.53302838559e-09
5.21774804375e-10
2.71237231139e-11
9.36931762913e-13
2.24219563366e-14
3.89146118239e-16
5.31249120742e-18
5.47022128448e-20
2.92175607788e-22
1.63278883863e-21
2.46390319672e-22
9.05834181648e-24
7.98808596574e-23
0.227957692424
0.210901033291
0.221968687039
0.231880191385
0.225816361544
0.190067333244
0.131196262304
0.0585100969014
0.00387334391277
7.87151582103e-05
1.04836317723e-05
2.57663553282e-06
9.81555719514e-07
3.12818305941e-07
6.77700892634e-08
9.51457360571e-09
8.68307604967e-10
5.21473560481e-11
2.09548147095e-12
5.83372482869e-14
1.17161048537e-15
1.83968080349e-17
2.20624099391e-19
1.69799204843e-21
1.71035927999e-22
5.36427695246e-23
3.19185699326e-24
9.61925859267e-23
0.208614400586
0.192777378234
0.203728697998
0.213960352495
0.211233572108
0.18277735447
0.133478501033
0.067843700884
0.0109755278408
0.000121589566885
1.39388652756e-05
3.0627179533e-06
1.07767615696e-06
3.59167298561e-07
8.51239329976e-08
1.33287718911e-08
1.37329401901e-09
9.40795142223e-11
4.34833217986e-12
1.3967201749e-13
3.2334868051e-15
5.82426392392e-17
8.10726565684e-19
8.15385616667e-21
6.43522353099e-22
2.34037719491e-22
7.97255353259e-25
0.190912393848
0.176227914142
0.186911173405
0.197147973622
0.196861180127
0.174482758254
0.133164104758
0.0754600732401
0.0194709684447
0.000244962809717
1.94656941896e-05
3.86551938222e-06
1.21565086983e-06
4.09578518014e-07
1.0463507618e-07
1.80845668402e-08
2.0811153459e-09
1.60804123157e-10
8.4519128533e-12
3.10133597419e-13
8.21268279014e-15
1.68417918109e-16
2.68329288404e-18
3.2523471797e-20
2.58155851794e-21
5.78042651342e-22
0.17469640936
0.161073905599
0.171398852409
0.181487408569
0.182995385102
0.165572830855
0.131210447452
0.0807188457403
0.0275094032448
0.000550964571918
2.8522929109e-05
5.03565409509e-06
1.39440618251e-06
4.68489239201e-07
1.26599573847e-07
2.38994525505e-08
3.04303533457e-09
2.62504368935e-10
1.55242593389e-11
6.43963034758e-13
1.93228317381e-14
4.46567435228e-16
8.00941484551e-18
1.09796621941e-19
8.97716173725e-21
1.57601070924e-21
0.159807475464
0.147206868776
0.157072798765
0.166903800097
0.169746265368
0.156471502229
0.127994650621
0.0847801168875
0.0338410351842
0.00130354976956
4.61086920462e-05
6.66962073712e-06
1.66839560173e-06
5.38972700456e-07
1.5175528724e-07
3.0927188371e-08
4.31804666515e-09
4.12173661632e-10
2.7157969575e-11
1.26070073186e-12
4.24329831757e-14
1.09356352916e-15
2.17040781028e-17
3.21461109607e-19
2.64815203325e-20
4.8172846506e-21
0.146155648611
0.134540131251
0.143880373461
0.153327950774
0.157115488522
0.147242626721
0.124007678148
0.0869972927131
0.0402217310144
0.00271818149627
7.97151897826e-05
9.60837238294e-06
2.06386301947e-06
6.31562561909e-07
1.81186703346e-07
3.93688006757e-08
5.97620846258e-09
6.26099737319e-10
4.55667316254e-11
2.34498376681e-12
8.76771042888e-14
2.49329700547e-15
5.39578573357e-17
8.33335867078e-19
6.76906734473e-20
1.18741767802e-20
0.133663995886
0.122931031182
0.131763955527
0.140753096685
0.145133801085
0.137971433657
0.119123317107
0.0878752211869
0.0460050873765
0.00558834691444
0.000120463548253
1.52045070368e-05
2.68402619365e-06
7.56715291084e-07
2.17057307203e-07
4.95567669447e-08
8.10128261906e-09
9.24703735508e-10
7.37587471548e-11
4.17324908456e-12
1.71752902103e-13
5.33964194668e-15
1.24282561373e-16
1.95772544559e-18
1.53661780102e-19
2.60182169736e-20
0.122197064895
0.112273864953
0.120602569374
0.129143991057
0.133883144308
0.128836610974
0.113584891062
0.0872700065478
0.0505986253381
0.0125805283566
0.000247665762058
2.16745645785e-05
3.73806627231e-06
9.35252757389e-07
2.62485956796e-07
6.19507184321e-08
1.08081767189e-08
1.33336958326e-09
1.15773428845e-10
7.14887718604e-12
3.2130164804e-13
1.08257723541e-14
2.68220015865e-16
4.22957015314e-18
3.18210934112e-19
5.19615409024e-20
0.111655357958
0.102429763073
0.110309706136
0.118397609538
0.123368019044
0.120028571979
0.107742151302
0.0854809540619
0.053617132318
0.0181076737038
0.000539322931682
3.3409095247e-05
5.4662072566e-06
1.2179909476e-06
3.22763390347e-07
7.74299355205e-08
1.4236630549e-08
1.8857114209e-09
1.76971993264e-10
1.18507681057e-11
5.77510857322e-13
2.09443791808e-14
5.46827941064e-16
8.55948728204e-18
6.12900047905e-19
9.66272748597e-20
0.101906108172
0.0933481356914
0.100765410185
0.108444335321
0.113521083542
0.111574574511
0.101839116699
0.0830780959992
0.0554249364904
0.0224695568604
0.00112381376784
4.96881810802e-05
8.02108176384e-06
1.61060700572e-06
4.08976671319e-07
9.72115145567e-08
1.86339009166e-08
2.62376777825e-09
2.64683637311e-10
1.90974275465e-11
1.00324521426e-12
3.89070402346e-14
1.06408048394e-15
1.63929805066e-17
1.12004745856e-18
1.69935396004e-19
0.0929019472224
0.0849099219543
0.0919289410794
0.099180893013
0.104307702752
0.103451537848
0.0958727055521
0.0802704317305
0.0562089762062
0.0262947874169
0.00224770015162
7.12517359523e-05
1.11458438034e-05
2.2291403992e-06
5.30506763179e-07
1.23998540084e-07
2.43292833048e-08
3.61104217963e-09
3.88597819063e-10
3.00592487841e-11
1.69213373803e-12
6.98604469648e-14
1.98717608788e-15
3.01702918484e-17
1.96297768015e-18
2.86928747408e-19
0.0845282187696
0.0771255336239
0.0836950799387
0.0905749738563
0.0956589901287
0.0956833427498
0.0898677403217
0.0769781204234
0.0564492123016
0.0291947107396
0.004210623898
0.000126541505743
1.50266171549e-05
3.01409536256e-06
7.11227581519e-07
1.61129671917e-07
3.19277785343e-08
4.93210331286e-09
5.62741452694e-10
4.63798223967e-11
2.78561317726e-12
1.21789081045e-13
3.59503475569e-15
5.35637577945e-17
3.3472101112e-18
4.69070690878e-19
0.076796156285
0.0697016241274
0.0760766639756
0.082534024226
0.08755962753
0.0882552996373
0.0839172360502
0.0732953347071
0.0558177739675
0.0319229913712
0.00679187454409
0.000255920878637
2.22014924077e-05
3.99703950883e-06
9.51966402311e-07
2.15320262573e-07
4.22387895317e-08
6.72249859684e-09
8.06270565287e-10
7.04667745965e-11
4.49229743876e-12
2.07363694057e-13
6.31666764413e-15
9.31030875237e-17
5.57244715922e-18
7.5044309775e-19
0.0694124746999
0.0626805796954
0.068780324423
0.0750726935665
0.0799440759748
0.0811737063094
0.0780531411524
0.0693924399557
0.0544833283618
0.0336722857101
0.0104284038678
0.000486832657824
3.26715715441e-05
5.6868514224e-06
1.26464742556e-06
2.89481078177e-07
5.68594105399e-08
9.18031208398e-09
1.14773709429e-09
1.05722446328e-10
7.12956111469e-12
3.45930380284e-13
1.08787736265e-14
1.58024816477e-16
9.17052334724e-18
1.17890327247e-18
0.0624179171347
0.0552140732492
0.061843548458
0.0678970039485
0.0728299432089
0.0744244674994
0.0722939677715
0.0653192982177
0.0527099442138
0.0344813945469
0.0132768672221
0.000952487738184
4.8428662672e-05
8.00958425544e-06
1.67234733415e-06
3.89703345058e-07
7.7272515487e-08
1.26477534989e-08
1.62858630898e-09
1.57194775881e-10
1.11622195171e-11
5.6837875159e-13
1.83621990621e-14
2.66307772872e-16
1.48777741e-17
1.83544812364e-18
0.0549537722252
0.0463368320498
0.0543854053643
0.0610401742605
0.0659210226244
0.0680237312926
0.0666904463797
0.0610963661415
0.0505241218278
0.0347068587804
0.0153505129135
0.00174665514901
7.37645278629e-05
1.09215075471e-05
2.25995378405e-06
5.24032120673e-07
1.05634974378e-07
1.75542089066e-08
2.31529871626e-09
2.32319690205e-10
1.73027088856e-11
9.21114312127e-13
3.06659621259e-14
4.41495920174e-16
2.41330587694e-17
2.83007922947e-18
0.0460316281582
0.0394491100324
0.0453674477697
0.0535907508692
0.0592458299006
0.0616577043643
0.0612415344716
0.0568521711967
0.0479469256123
0.0343722717817
0.0169122654242
0.00282923417907
0.000118629938804
1.49202337699e-05
3.01062726651e-06
7.10435849172e-07
1.46178073117e-07
2.45613092712e-08
3.30298265074e-09
3.42703031899e-10
2.66143042583e-11
1.47914099479e-12
5.0488491568e-14
7.34935227232e-16
3.8808758637e-17
4.36927667405e-18
0.0391825065173
0.0336352194875
0.0386010750129
0.0444383867306
0.0518284126632
0.0553667503634
0.0556012950334
0.0525425024115
0.0451916518858
0.0334292158073
0.0180927937935
0.00396039149213
0.000209635616699
1.98196428685e-05
3.91207631244e-06
9.51392755621e-07
2.03439933195e-07
3.47459816165e-08
4.74543503984e-09
5.05723897893e-10
4.07829983081e-11
2.35517783684e-12
8.2819211932e-14
1.20677257806e-15
6.33896662474e-17
6.73112533881e-18
0.0333995289168
0.0283250381344
0.0328857147965
0.0377924608773
0.0424051701707
0.0480412375466
0.0498356562833
0.0477753439402
0.0421443602879
0.0321877466849
0.0185361403284
0.00499705039167
0.00036808461132
2.78044990473e-05
5.24814277648e-06
1.24371789604e-06
2.79578127215e-07
4.9364069585e-08
6.87391284338e-09
7.49658267273e-10
6.23509799126e-11
3.73670655809e-12
1.34459315994e-13
2.00783221666e-15
1.04045030594e-16
1.05604942201e-17
0.028118111882
0.023328642487
0.0276664383435
0.0321686175845
0.0360186726638
0.038145010044
0.042669053569
0.0426660021428
0.0383520698778
0.0304465717125
0.0186572473138
0.00577199128972
0.000625623250748
3.99411006072e-05
6.98301258124e-06
1.58170939228e-06
3.78171359039e-07
6.99163083675e-08
1.00184133317e-08
1.11689396569e-09
9.55704529367e-11
5.90591264292e-12
2.18830504062e-13
3.29270259539e-15
1.7285762476e-16
1.67625533999e-17
0.0231464815531
0.0186133068825
0.0227490247299
0.0270372888623
0.0305716330705
0.0322559239826
0.0322803243089
0.035751046244
0.0340505364933
0.0277033611059
0.0181688576458
0.00657423195086
0.000969184871549
5.94049703474e-05
9.42026855472e-06
2.04892359011e-06
5.00721915683e-07
9.82219023721e-08
1.46386738331e-08
1.67387561199e-09
1.46878968687e-10
9.35451778925e-12
3.53451148395e-13
5.51741079248e-15
2.85981254243e-16
2.70155470383e-17
0.0184553230884
0.0140853905753
0.0181104591645
0.0221952019743
0.0256404032783
0.0271896554382
0.0270565683677
0.025049610369
0.0275190106671
0.0243842638632
0.0165957292825
0.00712573823103
0.00134374852728
9.02450458711e-05
1.24232782755e-05
2.65603849515e-06
6.61466487408e-07
1.36732909043e-07
2.13967564932e-08
2.52188959643e-09
2.27098519572e-10
1.48265386169e-11
5.75923288521e-13
9.084845578e-15
4.80230982731e-16
4.37567720263e-17
0.0139533355443
0.00984421794523
0.0136660954002
0.0176302328475
0.0209621368548
0.0226735054751
0.0225208117269
0.0206493082432
0.017043551252
0.0185103421514
0.0143995300683
0.00667069980192
0.00177180144783
0.0001276713254
1.58172141838e-05
3.38729168392e-06
8.67876243876e-07
1.89203344562e-07
3.10802634149e-08
3.81579651522e-09
3.53067284808e-10
2.36544899469e-11
9.33921191118e-13
1.54382826828e-14
8.01886883602e-16
7.20022779314e-17
0.00974407526028
0.00573211695338
0.00952637603006
0.0132679531266
0.0165616016533
0.018339193813
0.0185772559991
0.0168061088857
0.0135958959625
0.00943735047534
0.0097741278718
0.00563741001513
0.00182921024224
0.000198362768094
1.84411989261e-05
4.45465717794e-06
1.11929366028e-06
2.58980965784e-07
4.49259295729e-08
5.76622682508e-09
5.53295198552e-10
3.79275725767e-11
1.53778306574e-12
2.56740323684e-14
1.36772132798e-15
1.18974094419e-16
0.00566203349786
0.00302930321885
0.0055111070777
0.00922578613442
0.012385839967
0.0143103357743
0.0147338062466
0.0135764624915
0.010643565659
0.00702260403794
0.00419884765391
0.00359006378794
0.00161461534895
0.000266833457673
2.20283655635e-05
5.3034353905e-06
1.39300217145e-06
3.49501198588e-07
6.47551864655e-08
8.7501747817e-09
8.70324300998e-10
6.14589940937e-11
2.52723096861e-12
4.46229981554e-14
2.31624271854e-15
2.0064112075e-16
0.00299708853391
0.00161125605026
0.00292757400314
0.00530527099245
0.00856347223441
0.0105619415789
0.0112828152623
0.0104317709099
0.00831465881144
0.00534824066458
0.00295541596877
0.00137019597541
0.000921770946752
0.00025470821412
2.51339330735e-05
5.77435715924e-06
1.67675667691e-06
4.60599640318e-07
9.25781652497e-08
1.32985305445e-08
1.38223690481e-09
1.00414305267e-10
4.25189529886e-12
7.55127205552e-14
4.04170265458e-15
3.39582835946e-16
0.00159674672632
0.000861282392486
0.00156538636551
0.00283290670256
0.00486074361585
0.00721546324716
0.00816729306147
0.007798177187
0.00610526635893
0.00418470831268
0.00226105623467
0.000959016550786
0.0003275888792
0.000139196581726
2.12972827982e-05
5.77370064636e-06
1.90784041898e-06
5.86143008588e-07
1.30690089624e-07
2.02750488946e-08
2.21169627966e-09
1.66696245161e-10
7.17344360991e-12
1.35755895077e-13
6.98846964912e-15
5.90549698597e-16
0.000854742636502
0.000465247452766
0.000840547013313
0.00152243861163
0.0026286872028
0.00402666170826
0.00551082983059
0.00552820622028
0.00457623418574
0.00313173288894
0.00180296723142
0.000771816987003
0.000255436642535
6.25544281299e-05
1.48546759962e-05
4.44312593633e-06
1.98668237897e-06
7.14032926312e-07
1.8071075712e-07
3.08022251246e-08
3.60067350423e-09
2.81799776476e-10
1.25482723582e-11
2.37454861596e-13
1.28699921134e-14
1.02858144272e-15
0.000462245538703
0.000255926324806
0.000455714987993
0.000821009664926
0.00142888982926
0.00223491686082
0.00310127377905
0.00379563773094
0.0033519587079
0.00240637995101
0.00139253293518
0.00065445921212
0.000224790271315
6.65913119429e-05
1.23629991248e-05
3.72254822318e-06
1.81798771959e-06
8.08282464275e-07
2.42423163546e-07
4.69194462179e-08
5.92408122321e-09
4.90785810596e-10
2.23080843047e-11
4.5317450468e-13
2.32381705469e-14
1.89549188583e-15
0.000254499406109
0.000142134093684
0.000251386340851
0.000446682608249
0.000778214747596
0.00124406635562
0.00176997075446
0.00219646745771
0.00240602542865
0.0018375054063
0.00111988150574
0.00053554396304
0.000208134866931
6.82095879281e-05
1.72441548801e-05
3.127162963e-06
1.73162602698e-06
8.13282509372e-07
3.08807834133e-07
7.05090041825e-08
1.00867463546e-08
8.83688690298e-10
4.22635435754e-11
8.48672552231e-13
4.59201119263e-14
3.47610359996e-15
0.000141430324547
7.80054168171e-05
0.000139891009363
0.000247061704603
0.00042677086922
0.000691476732159
0.00101611122888
0.00129814162351
0.00142917459082
0.00139775223264
0.000904753112511
0.000461332179854
0.000185588054693
6.86129960554e-05
1.87217298564e-05
2.31565203951e-06
1.04498526779e-06
9.18665683983e-07
3.66562307014e-07
1.05435640432e-07
1.74142319216e-08
1.71030580463e-09
8.41573732269e-11
1.83405899579e-12
8.93982054989e-14
6.94567967026e-15
7.7632891242e-05
4.09457144691e-05
7.68174514055e-05
0.000137744733175
0.000237467108874
0.000385570943722
0.000580927675389
0.000775033626454
0.000880668312762
0.000850598264603
0.000740514166995
0.00040310034477
0.000172844447741
6.34030423368e-05
2.12362542399e-05
2.0328302932e-06
4.91934098116e-07
4.74553217205e-07
1.5819195619e-07
3.19802987606e-08
3.48065309358e-09
1.93093168957e-10
4.04110398106e-12
2.04287159824e-13
1.37961409821e-14
4.07456085932e-05
2.01017831362e-05
4.03073851768e-05
7.5678574003e-05
0.000132958691723
0.000217229224133
0.000331167928519
0.000458221429712
0.000549589167197
0.000552869250383
0.0004637408514
0.000356786879097
0.000167542016981
6.24554453184e-05
2.1056661484e-05
2.64744351941e-06
2.61151080841e-07
2.47879915315e-07
6.47072943864e-08
8.27545846284e-09
4.83371573379e-10
1.17027294061e-11
4.70612211101e-13
3.20466989649e-14
1.99989806553e-05
9.13112476439e-06
1.97741347805e-05
3.9695164074e-05
7.3133719016e-05
0.000122689559202
0.000189744796212
0.000268028785494
0.000336274370512
0.000358824016021
0.000317183777164
0.000233602680457
0.000158951310087
6.81920327709e-05
2.16865896178e-05
2.88167353316e-06
1.55694744742e-07
1.27589559393e-07
2.48191451772e-08
1.62179874036e-09
3.62947034824e-11
1.54657595149e-12
7.52386424603e-14
9.08728250868e-06
3.92722399373e-06
8.99113751813e-06
1.94608810723e-05
3.83267855306e-05
6.76369077774e-05
0.00010839955795
0.000156642831161
0.000202047285231
0.000225961622142
0.000209014076527
0.000153269518735
0.000111273562773
6.92404202017e-05
2.78742615582e-05
3.0943866343e-06
9.84403288329e-08
6.52596203322e-08
7.37199413879e-09
1.82372934398e-10
5.25726403753e-12
2.56038506856e-13
3.9096408279e-06
1.66259873914e-06
3.87112845179e-06
8.85709176551e-06
1.87631589939e-05
3.53627512427e-05
5.99034843047e-05
9.06448042152e-05
0.000120466660738
0.000138953628321
0.000133418377707
9.61949058755e-05
3.37468255639e-05
5.26414611385e-05
3.13025103204e-05
7.69538030512e-06
6.00797970967e-08
3.00724185183e-08
1.16881857166e-09
3.52309135845e-11
9.00940415119e-13
1.65655766672e-06
1.64321318159e-06
3.81739479619e-06
8.55839510692e-06
1.72699824313e-05
3.11923233278e-05
5.01562863115e-05
7.05489052844e-05
8.42181238176e-05
8.31485331423e-05
6.02740474695e-05
1.51309470941e-05
2.66090302319e-05
1.26431029259e-05
3.87907728943e-06
3.92980757787e-08
8.53015363709e-09
2.51894832393e-10
6.843493414e-12
1.62453233659e-06
3.69751972061e-06
7.91394353507e-06
1.5210236664e-05
2.59714422746e-05
3.89532623042e-05
4.96859794076e-05
5.06507534347e-05
3.73572327113e-05
8.54616678622e-06
1.4612300721e-05
6.06636254822e-06
8.58095473455e-07
1.86683276141e-08
2.01679246549e-08
2.50525889139e-09
5.03774046204e-11
1.58275026907e-06
3.4390803631e-06
7.02013888758e-06
1.26953479418e-05
2.0096707985e-05
2.7264697232e-05
2.9985188387e-05
2.27745190801e-05
5.20767591514e-06
8.60054024664e-06
3.09762958171e-06
2.68665762724e-07
1.4803718688e-08
9.48065482515e-09
9.78428449561e-09
6.0643813387e-10
1.49060977209e-06
3.08026892197e-06
5.92285407397e-06
9.9277908498e-06
1.42007457456e-05
1.65459317153e-05
1.38630672387e-05
4.32498832189e-06
5.34545780988e-06
1.56926591258e-06
1.90438929969e-07
1.07860717546e-08
6.89537956304e-09
3.96906282094e-09
4.79481044546e-09
1.36040272126e-06
2.63913892208e-06
4.71266015219e-06
7.17522819299e-06
8.99123198711e-06
8.39070021165e-06
4.15300843476e-06
1.43326077566e-06
3.52194146214e-06
6.87655822283e-07
6.17349997588e-08
7.67716519779e-09
4.27127400327e-09
1.78443283924e-09
2.45339036646e-09
1.19666828537e-06
2.14900036506e-06
3.51140199497e-06
4.72502905377e-06
5.00031574826e-06
3.56211838798e-06
1.1920780819e-06
5.15439483531e-07
2.34092448103e-06
2.04803448529e-07
1.33807384259e-08
5.33462547404e-09
2.49699533712e-09
7.65119725581e-10
1.3395845927e-09
1.0089054319e-06
1.65379769399e-06
2.43708567967e-06
2.82555202644e-06
2.44820028612e-06
1.39966878904e-06
3.44091457428e-07
1.72929953895e-07
1.34222677665e-06
3.75573962165e-08
1.35947054595e-09
3.62289131682e-09
1.45494867015e-09
3.45350926126e-10
8.10459649392e-07
1.19798343519e-06
1.56721692192e-06
1.54407153673e-06
1.09190213386e-06
5.26932285262e-07
9.67163244807e-08
5.58154765195e-08
5.14500584478e-07
2.58497650555e-07
4.23724865465e-09
2.42572685297e-09
8.38584921167e-10
1.69515034351e-10
6.16624273401e-07
8.13425984224e-07
9.30108963626e-07
7.74996512099e-07
4.51962556666e-07
1.8451723242e-07
3.04569540895e-08
1.73749493533e-08
1.00459124305e-07
1.90200844048e-07
6.36297127546e-08
1.90468840537e-09
4.82400032735e-10
8.61879670824e-11
4.41983147189e-07
5.14872495595e-07
5.08104167735e-07
3.56981914703e-07
1.70171376519e-07
5.98392774202e-08
1.03836268128e-08
6.32862211596e-09
1.49341832099e-08
6.40474772986e-08
8.51875468075e-08
1.67420176156e-08
2.84356981515e-10
4.56478688171e-11
2.96985205526e-07
3.02315400147e-07
2.53688704962e-07
1.48056509092e-07
5.89106911367e-08
1.8996503697e-08
3.52712479894e-09
2.71430618856e-09
1.28013035913e-08
1.57137219848e-09
4.01352211914e-08
3.74671458441e-08
5.75766760693e-09
2.43004854061e-11
1.85988450833e-07
1.63825788658e-07
1.15950775093e-07
5.59051425206e-08
1.9742703796e-08
5.9356960468e-09
1.64461223842e-09
3.04996954664e-09
1.04144339567e-08
1.51816784858e-09
1.40015961489e-10
2.3662297085e-08
1.78455872664e-08
1.07690874532e-07
8.14885896531e-08
4.84988767307e-08
1.98968369467e-08
6.48281664014e-09
2.04773814653e-09
2.09468432085e-09
8.93146716775e-09
7.75052343463e-09
1.32790497075e-09
1.17657697874e-10
1.4025437877e-08
5.76876197678e-08
3.70552750076e-08
1.88562292404e-08
6.87117684998e-09
2.19409023076e-09
1.54813330764e-09
4.75556607186e-09
8.29370670681e-09
5.61719505419e-09
9.67603404737e-10
1.00961982552e-10
2.86232003063e-08
1.55705452887e-08
7.0012296006e-09
2.36108891632e-09
1.2042401747e-09
2.64040795784e-09
4.95264905925e-09
3.90908570173e-09
6.98742088689e-10
7.28700292895e-11
1.32290597823e-08
6.2211891554e-09
2.51899661781e-09
1.0472189128e-09
1.53800065675e-09
2.96356674177e-09
2.61374917745e-09
4.69659163095e-10
5.18536960486e-11
5.75364820504e-09
2.3917280867e-09
1.00451745935e-09
9.62556443874e-10
1.78509939687e-09
1.68426607715e-09
2.90708890342e-10
3.48229272629e-11
2.36316641545e-09
9.43548786182e-10
6.71609611349e-10
1.07694028995e-09
1.07227377933e-09
2.29071744049e-10
2.13263955541e-11
9.42960514913e-10
5.09510638993e-10
6.67689461946e-10
6.72322445828e-10
2.02838431942e-10
6.94080479632e-11
4.37909029507e-10
4.23813051552e-10
4.24548989871e-10
1.59067300548e-10
7.7121652013e-11
2.93291667354e-10
2.6582218674e-10
1.16762478067e-10
6.6205606605e-11
1.71875871012e-10
7.89933129713e-11
5.08982364674e-11
5.36244191119e-11
3.54143535738e-11
2.39956398451e-11
)
;

boundaryField
{
    inletfuel
    {
        type            fixedValue;
        value           uniform 1;
    }
    inletair
    {
        type            fixedValue;
        value           uniform 0;
    }
    outlet
    {
        type            zeroGradient;
    }
    leftside
    {
        type            zeroGradient;
    }
    burnerwall
    {
        type            zeroGradient;
    }
    front
    {
        type            wedge;
    }
    back
    {
        type            wedge;
    }
    reacting_to_fluid
    {
        type            zeroGradient;
    }
    reacting_to_solid
    {
        type            zeroGradient;
    }
}


// ************************************************************************* //
