/*--------------------------------*- C++ -*----------------------------------*\
  =========                 |
  \\      /  F ield         | OpenFOAM: The Open Source CFD Toolbox
   \\    /   O peration     | Website:  https://openfoam.org
    \\  /    A nd           | Version:  10
     \\/     M anipulation  |
\*---------------------------------------------------------------------------*/
FoamFile
{
    format      ascii;
    class       volScalarField;
    location    "0.3/reacting";
    object      H2O;
}
// * * * * * * * * * * * * * * * * * * * * * * * * * * * * * * * * * * * * * //

dimensions      [0 0 0 0 0 0 0];

internalField   nonuniform List<scalar> 
1571
(
2.41006301799e-09
2.14594641303e-09
1.91412179506e-07
1.50323156258e-09
2.23495131212e-07
8.71004599493e-06
2.75225645234e-07
1.57724604487e-05
0.000292968355199
4.12087381576e-05
0.000935623969599
0.00211645080185
0.00722144458324
0.00624102349099
0.00517705169298
0.0370422459666
0.0185426102457
0.0127861074305
0.00963881107419
0.0518819259976
0.125084435973
0.0171062391739
0.0207437343473
0.0158008947362
0.06425501634
0.140969620297
0.178199385981
0.000263772094285
0.00177609097588
0.0307431555705
0.0235728991694
0.0753275003229
0.138751594598
0.218448749562
0.0836193471648
3.36397849798e-06
7.83403617589e-05
0.00100666701088
0.0412961080911
0.0328851701608
0.0838260267086
0.133865892535
0.22025601029
0.193419144763
0.0275212922875
5.36268660681e-08
3.65977039233e-06
7.63999016146e-05
0.000593184472737
0.0519367747657
0.0434878735271
0.0907447384816
0.131648436859
0.213289603541
0.231872734057
0.0590610714531
0.00751374057435
1.40995937118e-07
5.54040111111e-06
6.70976478501e-05
0.000240697732453
0.0624103564017
0.0553966499369
0.0966513131768
0.131026802456
0.205027797371
0.235767944358
0.0828577772586
0.0190469118961
0.00169177285592
2.5120795228e-07
5.59180001665e-06
3.19658971723e-05
7.25853734696e-05
0.0728313833991
0.068282207821
0.102438444027
0.131102990382
0.197310261154
0.233587906549
0.113846600107
0.0277063390072
0.00513214510426
0.000401557148744
2.67255842999e-07
3.15795313729e-06
1.08256379093e-05
1.66469990125e-05
0.083359716987
0.081330877913
0.108520877584
0.132212673919
0.190107418651
0.234033842964
0.162619888259
0.0347260526692
0.00854285135835
0.00112254840565
8.35888416634e-05
1.72883993895e-07
1.2398931278e-06
2.75159515603e-06
3.05461919777e-06
0.0937472256762
0.0938076716085
0.114829821639
0.134228237196
0.184414882828
0.231314455847
0.224758127237
0.043511552585
0.011195278699
0.0020901953295
0.000252130356389
1.42942937677e-05
7.85410804618e-08
3.63825522113e-07
5.4964378113e-07
4.59052455421e-07
0.103841202462
0.105518384973
0.121290005131
0.136871069757
0.179943069241
0.226656751843
0.234692825115
0.056540297486
0.0134691454424
0.00313785390997
0.000503994060979
4.65693002732e-05
2.04510589503e-06
2.67356365898e-08
8.32886001822e-08
8.87060192427e-08
5.73670044536e-08
0.113579327339
0.116472144561
0.127994944135
0.140067693797
0.176554940697
0.221970632806
0.230828414981
0.0707033028076
0.0167208953261
0.00407828126747
0.000786756667893
0.000105792385633
6.96997437298e-06
2.47358848477e-07
7.06773704468e-09
1.52037863241e-08
1.17754363244e-08
6.02848980095e-09
0.122878560168
0.126687062089
0.134716263167
0.14397124036
0.174309599275
0.217618608573
0.228577569996
0.0901381779986
0.0198923393074
0.00498220338056
0.00108578898417
0.000187561932128
1.77294147737e-05
8.67048108619e-07
2.54217811923e-08
1.48139238463e-09
2.24983612834e-09
1.30261679772e-09
5.37647369637e-10
0.131784855363
0.136366930317
0.141487124468
0.148199287211
0.17351971221
0.213743658077
0.228383067114
0.115615421165
0.0231145721742
0.00592485958109
0.0013995945807
0.000285011360288
3.57870007754e-05
2.39999670844e-06
9.09844041957e-08
2.23242904079e-09
2.50318538415e-10
2.73763831069e-10
1.21364843849e-10
4.09785204838e-11
0.140465875488
0.145678728596
0.148444689071
0.152844549889
0.173646885265
0.210096125556
0.231377904638
0.150868078907
0.0276905799084
0.00691072567542
0.00173137538704
0.000395004145377
6.12627764927e-05
5.40935221479e-06
2.68790858426e-07
8.13106881134e-09
1.68355344925e-10
3.44771383993e-11
2.77042208823e-11
9.60302106899e-12
2.6950115647e-12
0.148978771149
0.15453052259
0.155517336263
0.157996715548
0.17468995339
0.206887448435
0.232824916027
0.197730488174
0.0341482819229
0.00812613848918
0.00207515756857
0.000514909304096
9.40887839699e-05
1.03977541611e-05
6.63807628736e-07
2.5310277199e-08
6.23448954813e-10
1.10015463694e-11
3.9101225135e-12
2.35540774738e-12
6.51608990072e-13
1.54178440878e-13
0.157172108269
0.16273594004
0.162483938707
0.16348998952
0.176602374677
0.204122844636
0.23092615799
0.228201827747
0.0429720281118
0.00964786030605
0.00249547722872
0.00064612561446
0.000133999459624
1.7802064074e-05
1.4126916236e-06
6.74928550944e-08
2.02806730632e-09
4.14286417223e-11
6.27839873373e-13
3.68540846122e-13
1.6985870622e-13
3.82382274906e-14
7.77744882156e-15
0.16484039871
0.17027631308
0.169128261383
0.169068465441
0.17920371429
0.202305129857
0.227616133762
0.228477784598
0.0526229224129
0.0117558395172
0.00297289624392
0.000784478229047
0.000181057212826
2.7982713637e-05
2.67621785481e-06
1.57052190192e-07
5.77388537059e-09
1.40102268537e-10
2.40638959104e-12
3.17950295002e-14
2.90235560059e-14
1.04868430862e-14
1.9611798573e-15
3.54634475865e-16
0.171958287767
0.177236449259
0.175425307304
0.174530998253
0.182201400167
0.201442942087
0.224282080514
0.226187365993
0.0628362944956
0.0141467477983
0.00358107007042
0.000947070211578
0.000234944416025
4.12845595362e-05
4.63351770696e-06
3.26415108672e-07
1.45325888396e-08
4.22287511547e-10
8.43491137932e-12
1.24474219795e-13
1.46169926947e-15
1.93110396752e-15
5.58092937059e-16
9.00106155817e-17
1.41414781897e-16
0.178586355773
0.183679513143
0.181394812891
0.179861284442
0.185453653201
0.201544997877
0.221608627039
0.223725913231
0.080912373442
0.0165875284794
0.00428297175011
0.00114449543374
0.00029767332766
5.80376244089e-05
7.483430242e-06
6.19089255925e-07
3.285031236e-08
1.13921337979e-09
2.67564346672e-11
4.52232646261e-13
5.85488612418e-15
4.16493772473e-16
1.08438028003e-16
2.61466885559e-17
2.95309368731e-17
5.66445168536e-15
0.184764183903
0.189634877708
0.187038028388
0.185032913015
0.188947607187
0.202249872787
0.220263096768
0.224458353491
0.108691434511
0.0205790341659
0.00507722111187
0.00137506985635
0.000371571283788
7.88527448398e-05
1.14559015737e-05
1.09144301971e-06
6.78250352072e-08
2.77872596475e-09
7.68006210178e-11
1.50466511682e-12
2.20435640309e-14
1.01484912599e-15
1.31245022658e-14
5.24838152019e-18
5.23122385352e-18
7.89892649905e-16
5.23013901537e-13
0.190507139889
0.195121848883
0.192348038369
0.190014459913
0.192562788732
0.203436875232
0.219398772491
0.22840182745
0.148596575408
0.0266602439986
0.00616150070855
0.00164129374843
0.000459036529383
0.000104506189029
1.6828655203e-05
1.81526869247e-06
1.29970525684e-07
6.20566444841e-09
2.0063983165e-10
4.56873720802e-12
7.67285924457e-14
2.408323722e-15
2.28222449325e-14
7.71195983241e-13
5.98095720384e-19
7.96263984233e-17
2.20325330706e-14
2.7806789433e-11
0.195825256917
0.200145334477
0.197318454162
0.194780933554
0.196231992909
0.204937755261
0.218546713585
0.230857790309
0.198636732061
0.0342556183926
0.00791022415013
0.00197664496925
0.000562140188745
0.00013589176027
2.39218773572e-05
2.88187221179e-06
2.34186845693e-07
1.28532898466e-08
4.81310829912e-10
1.26905638564e-11
2.45176230431e-13
6.04870214993e-15
3.4764529594e-14
9.58471948687e-13
1.97741523595e-11
4.69872546117e-18
7.28526487355e-16
3.01848811635e-11
0.200714113131
0.204722432128
0.201927350461
0.199308883161
0.199909500892
0.20675432474
0.218021673018
0.229656062324
0.221511643414
0.0453836870814
0.00998540628091
0.00244550315927
0.000688765317884
0.000174276657706
3.31477011563e-05
4.40596085597e-06
4.0115063633e-07
2.49760259057e-08
1.07093322454e-09
3.24392065837e-11
7.18802150931e-13
1.6126535857e-14
4.9199563376e-14
1.11290386528e-12
1.39457293882e-11
2.29877186573e-11
1.43336434605e-17
0.205183938807
0.208895251117
0.206172218904
0.203556157426
0.203540414907
0.208853806308
0.218092130734
0.227875968001
0.220499337007
0.0577287084351
0.0132361352708
0.00313162146324
0.000855224118143
0.000221951941058
4.50639700142e-05
6.53728195178e-06
6.59069583893e-07
4.59964143673e-08
2.2320964135e-09
7.69107548948e-11
1.94069266848e-12
4.37055118497e-14
6.66125638504e-14
1.25355612187e-12
1.05800817863e-11
1.75357980796e-11
0.209271529961
0.212709884413
0.21007995086
0.207506971609
0.207043403771
0.211131817776
0.218750773558
0.226938178753
0.2193189781
0.0763033096016
0.0169406600085
0.00407893126522
0.00105488544727
0.000282611002557
6.04364467514e-05
9.47145001519e-06
1.04660632587e-06
8.09773071252e-08
4.39832414046e-09
1.70576477776e-10
4.85658012652e-12
1.15428731149e-13
8.80371101519e-14
1.39547054884e-12
8.77113463809e-12
1.39542098545e-11
0.21301839248
0.216196330688
0.213682968263
0.211177301625
0.210382011391
0.213450249705
0.219759222827
0.227213531837
0.221471643747
0.10598878326
0.0219589239436
0.00521932846065
0.00133221378911
0.000358408011759
8.03834010076e-05
1.34741361158e-05
1.61654813014e-06
1.3732849704e-07
8.26197491998e-09
3.56905150977e-10
1.13509269295e-11
2.90489221929e-13
1.15406412412e-13
1.54936809289e-12
7.93968612301e-12
1.17978950237e-11
0.216450070871
0.219376755791
0.216997873307
0.214588828608
0.213553223896
0.215774031469
0.220880737239
0.227634948477
0.227610258313
0.149429717179
0.0295699921404
0.00678465053537
0.00169296329211
0.000457765595219
0.000106304945747
1.89020028679e-05
2.44179539141e-06
2.25757713271e-07
1.49049756967e-08
7.10177050084e-10
2.49818724477e-11
6.91515215119e-13
1.52619801919e-13
1.72306108004e-12
7.6839255534e-12
1.10099755511e-11
0.219585993966
0.222283861583
0.220038518258
0.217747156755
0.216558714631
0.218088131325
0.222130960949
0.22786366943
0.230309706369
0.197579518783
0.0395044521157
0.00932450984154
0.00216466321105
0.000587282542102
0.000140504322932
2.62643146485e-05
3.62281112935e-06
3.61723183326e-07
2.5987484917e-08
1.35374736256e-09
5.21782868493e-11
1.5593084741e-12
2.07006024756e-13
1.92322988204e-12
7.79299918832e-12
1.07734162619e-11
0.222456698443
0.224942553839
0.22283101412
0.220659257455
0.219382624795
0.220377431724
0.223510600735
0.228146807193
0.230565921997
0.213155727137
0.0552933352862
0.0125539395529
0.00284586682599
0.000755884097095
0.000185832330544
3.6244574707e-05
5.30464876134e-06
5.67410384951e-07
4.40328747167e-08
2.48797043802e-09
1.04205504552e-10
3.34514622816e-12
2.92492077191e-13
2.15620808347e-12
8.15867737411e-12
1.08816801755e-11
0.225085564078
0.227386965242
0.225395602876
0.223345601863
0.222018369672
0.222596213285
0.225018757154
0.228700899055
0.230481225562
0.214958268994
0.0732092108447
0.0178049168673
0.00392750183673
0.00099138073567
0.000246044964195
4.98841560574e-05
7.68368046166e-06
8.75578191693e-07
7.28460070588e-08
4.43368342131e-09
2.00264480976e-10
6.87088916432e-12
4.34419668223e-13
2.42881050605e-12
8.72821120359e-12
1.12495202816e-11
0.227505348806
0.229632550381
0.227762199967
0.225822508755
0.224474904046
0.22471827916
0.226564648857
0.229602687654
0.230955837653
0.217158741686
0.0978943507996
0.0234866354175
0.0055329140096
0.00129296288647
0.000328269306549
6.84701437118e-05
1.10685781627e-05
1.3328837357e-06
1.18256409093e-07
7.69904357808e-09
3.72677295287e-10
1.35873539733e-11
6.78884391685e-13
2.74933983953e-12
9.47872671691e-12
1.18415977625e-11
0.229730812252
0.231707354751
0.229944143223
0.228116303606
0.226760926989
0.226736452273
0.228090913549
0.230594232635
0.232198056909
0.221900059318
0.13077891543
0.029440370479
0.00746753598143
0.0017484499159
0.000437944877655
9.43314115588e-05
1.58731788882e-05
2.0116489228e-06
1.89001841764e-07
1.30940367416e-08
6.74857254447e-10
2.60369711465e-11
1.1064903167e-12
3.12767636081e-12
1.04109266556e-11
1.2648783124e-11
0.231788847093
0.233609320375
0.231965847324
0.230238525808
0.228895670337
0.228651173446
0.229579320967
0.231551484745
0.233192618527
0.227452222206
0.168357062991
0.0394770276954
0.00977098622845
0.0023300948023
0.000592319777944
0.000130141541311
2.27557975601e-05
3.01527150506e-06
2.98812057025e-07
2.18942685277e-08
1.19585164815e-09
4.85668175087e-11
1.86194209559e-12
3.57730478796e-12
1.15367817213e-11
1.36818829388e-11
0.233676940856
0.235379303658
0.233823816409
0.232210243093
0.230887049278
0.230472789667
0.231036326639
0.232491094316
0.233790292147
0.230305077392
0.199100786331
0.0542931312284
0.0132127376958
0.00303715727307
0.000794217987053
0.00018123090487
3.25564555317e-05
4.50414327738e-06
4.68396136104e-07
3.6159275546e-08
2.08182350688e-09
8.87243292801e-11
3.19140151479e-12
4.11550115474e-12
1.28856694824e-11
1.49649070096e-11
0.235434776912
0.236959623167
0.235555155248
0.234026590686
0.232748930712
0.232204404745
0.232469550574
0.233473754588
0.23429716462
0.231256999727
0.208791968541
0.0732859406062
0.0182628397277
0.00418718631449
0.00105046009418
0.00025009656292
4.67738529837e-05
6.71022911144e-06
7.30154479389e-07
5.91333598073e-08
3.57759388854e-09
1.5928170948e-10
5.54188371849e-12
4.76700546676e-12
1.44945116942e-11
1.65380129537e-11
0.237003192848
0.238161492438
0.237097302678
0.235721025886
0.234473359026
0.23384576548
0.233876461849
0.234511084053
0.234955872903
0.231903684342
0.212246804022
0.09536617321
0.0243308277892
0.00585653460064
0.00138016182623
0.000341676530396
6.68404897685e-05
1.00081498202e-05
1.13328730911e-06
9.6042034091e-08
6.08336305959e-09
2.8253128781e-10
9.6611905482e-12
5.56628696057e-12
1.64228839475e-11
1.84546147348e-11
0.238181663512
0.23791689027
0.238223269594
0.237225906167
0.236085400666
0.235381809613
0.235238114146
0.235584786521
0.235752115894
0.232948698008
0.215602630808
0.121589398694
0.0314935826373
0.00791773446659
0.00185986964203
0.000463061629042
9.4785575854e-05
1.48736515736e-05
1.75611056008e-06
1.55198370783e-07
1.02703333637e-08
4.95904012175e-10
1.69444081171e-11
6.56423946007e-12
1.87379553418e-11
2.07901592309e-11
0.237848976809
0.237537524822
0.23769251535
0.238275142439
0.237504508213
0.236818662813
0.236525591945
0.236652342912
0.236613641752
0.234159864089
0.219873559829
0.147868268496
0.0401056722979
0.0106229803694
0.00248233352471
0.000630415398561
0.000134530045175
2.20120549122e-05
2.7126928566e-06
2.50130596651e-07
1.72421065846e-08
8.65279082354e-10
2.96756398811e-11
7.84329427611e-12
2.15463335484e-11
2.36387855837e-11
0.237434167519
0.237189716352
0.237201390371
0.23745180061
0.238372383972
0.238038805347
0.237710425578
0.237652465212
0.237472517159
0.235294788992
0.224143575391
0.170451216989
0.0522299073832
0.0138289248509
0.0032570572504
0.000848893351646
0.000190394421713
3.25352517029e-05
4.18231904665e-06
4.02025641156e-07
2.88671133885e-08
1.50130634547e-09
5.22675278396e-11
9.52698330109e-12
2.4950470807e-11
2.7128625941e-11
0.237066073283
0.23684658143
0.236788613407
0.236857720717
0.236864196149
0.238443513002
0.238608256769
0.238492440738
0.238187839011
0.236282651399
0.227296653305
0.188485456445
0.0678139412484
0.0180729831909
0.00443847119466
0.00112356452849
0.000265158550029
4.77691741737e-05
6.43224291136e-06
6.45446044155e-07
4.81848317163e-08
2.60135258988e-09
9.18066646664e-11
1.1829706212e-11
2.91044235011e-11
3.14120774509e-11
0.236706693019
0.236357453416
0.236394152074
0.236382036991
0.236047945428
0.235181134479
0.238159941371
0.238875223173
0.238548499481
0.236807291968
0.229468034513
0.200349578901
0.0878894089516
0.0237896378804
0.00592835443468
0.00145728073449
0.000363976197045
6.93994439964e-05
9.84511948809e-06
1.03327023772e-06
8.04151415785e-08
4.49443547399e-09
1.62541737026e-10
1.50704886417e-11
3.42300187013e-11
3.67007730754e-11
0.236201653664
0.235674814392
0.23585390132
0.235939815806
0.235422161745
0.233914017247
0.231667671477
0.236867732599
0.238095507625
0.236459609636
0.230151970079
0.206445124122
0.108434787755
0.0309008506643
0.00807820763768
0.00191572243297
0.000490408927781
9.96315269987e-05
1.49659835006e-05
1.64851128611e-06
1.33873737225e-07
7.77768975302e-09
2.8675240302e-10
1.99185179313e-11
4.06357877122e-11
4.32773255457e-11
0.235497521805
0.234520883118
0.235101469504
0.235349153655
0.234877164037
0.23295871285
0.229841154125
0.224614725313
0.23318456779
0.234654126066
0.228795853933
0.208836940244
0.127509555412
0.0394001722317
0.0107908689568
0.00254120662182
0.000659069196965
0.000141528396569
2.25928850557e-05
2.61943804356e-06
2.2267372837e-07
1.34322496351e-08
5.11417365046e-10
2.7309089064e-11
4.87491760455e-11
5.15182195136e-11
0.234317101591
0.232577749953
0.233863429244
0.234526312722
0.234167665196
0.232204310154
0.22839995825
0.22222507944
0.210943546332
0.224184458738
0.224803360142
0.206715482458
0.14255895195
0.0487992519196
0.0141037647478
0.00336421213303
0.00088516736567
0.00019976983201
3.37365050743e-05
4.14372077114e-06
3.69440544934e-07
2.32472303008e-08
9.07788435241e-10
3.95560498418e-11
5.91915657425e-11
6.19348568547e-11
0.232339852582
0.226112485749
0.23181018549
0.233207735174
0.233178750356
0.23119568992
0.227353116964
0.220077163491
0.208060030147
0.185563086632
0.203469947012
0.199117237225
0.145500083695
0.0606814617385
0.0175802954804
0.00464240829766
0.00118147735241
0.000279906463204
5.00081780732e-05
6.50240058218e-06
6.12597735434e-07
4.01878114985e-08
1.63298029689e-09
5.96462552476e-11
7.29031590271e-11
7.52203052765e-11
0.225729209014
0.212990390462
0.224876066317
0.231045136544
0.23167798736
0.22980975663
0.225800106665
0.218548625363
0.20465488219
0.181159073772
0.14118481344
0.15742084928
0.136170723355
0.0711890777595
0.0213770827688
0.00608656504116
0.00153854731408
0.000389140988136
7.39396421205e-05
1.01966370979e-05
1.01177735294e-06
6.97005159943e-08
2.92091592584e-09
9.61945396259e-11
9.13014233821e-11
9.23511031366e-11
0.212489972553
0.19656618705
0.211390947626
0.223642533292
0.229262439859
0.227905505684
0.223774435192
0.216136975525
0.202281368545
0.175165606298
0.132361912779
0.0893892008697
0.0951391143203
0.0675979753947
0.025164495583
0.00740283671358
0.00198860091971
0.000532517122931
0.000108717379522
1.59737042705e-05
1.6761320063e-06
1.20972539659e-07
5.31680441471e-09
1.5942732828e-10
1.16815827885e-10
1.14696095874e-10
0.196135545382
0.181620300741
0.19519343596
0.209842910326
0.220777185916
0.224882646565
0.22121635636
0.213027163545
0.198509699621
0.171207621465
0.128833823935
0.0814186034655
0.0466277628162
0.0447624876016
0.0239556697772
0.00882040214173
0.00248291309192
0.000715264162029
0.000158663116103
2.508693865e-05
2.78427447592e-06
2.11762732104e-07
9.64484425783e-09
2.8388117621e-10
1.53223871759e-10
1.4429834399e-10
0.181292441084
0.169359251672
0.180575214774
0.193874755212
0.206362874085
0.213790095633
0.217151220407
0.209413339941
0.193350630563
0.165553748601
0.127862357847
0.0814848724477
0.0432302814443
0.0213710035604
0.01660574447
0.00820105066981
0.00292258190154
0.000936123504693
0.000229208028413
3.93612176267e-05
4.69042668814e-06
3.75084272755e-07
1.79865839533e-08
5.0928167132e-10
2.08338721634e-10
1.84185603328e-10
0.169120966137
0.159788765618
0.168599689279
0.179572562445
0.190925676678
0.198675765261
0.202173766773
0.20359608533
0.188164253942
0.161773248187
0.125003823946
0.0844465050911
0.0452673823146
0.0221514060739
0.00964896773934
0.00647572955867
0.0030761416243
0.0011607577313
0.00032572914743
6.22999652688e-05
7.9844642373e-06
6.80692717242e-07
3.38619354973e-08
9.92263516762e-10
2.94637590536e-10
2.39291451061e-10
0.159615440685
0.151895022887
0.159235587148
0.167870616779
0.177333806047
0.184553662479
0.187491932977
0.185754766658
0.182756722851
0.158849856712
0.124790893628
0.0855414573507
0.0498084239815
0.0248419842448
0.0115583744422
0.00466941526358
0.00324049908185
0.00132563700545
0.00044736960184
9.8339040796e-05
1.40983588834e-05
1.27323233099e-06
6.72784636229e-08
1.93372994385e-09
4.45369965116e-10
3.17646065078e-10
0.151760730015
0.144156096669
0.151465892209
0.15870293812
0.166241090184
0.172506596865
0.175522032588
0.172911700732
0.164935463948
0.156508612436
0.12575470574
0.0889094595847
0.0538550073705
0.0289187362417
0.0138434190761
0.00596691392294
0.00265163830207
0.00177563242938
0.000607369537139
0.000157438968355
2.54494746412e-05
2.55516908088e-06
1.39728395203e-07
4.26341674281e-09
7.16073937056e-10
4.35299921925e-10
0.144036340021
0.135309405645
0.143773118603
0.151051233078
0.157507463113
0.162715065126
0.165702819148
0.164058012997
0.155655502711
0.141054952984
0.127627714346
0.0936025547828
0.0591143486567
0.0328245189156
0.017192210348
0.00737881406105
0.00164348972734
0.000959787647876
0.000274951595969
5.00074661858e-05
5.42605469085e-06
3.30658464684e-07
9.69254130487e-09
1.31091701283e-09
6.21573223971e-10
0.135193047261
0.124794108228
0.134936945052
0.143402107963
0.15011646665
0.154891342347
0.157696435899
0.157057665849
0.150755239359
0.137098766497
0.116317659692
0.0989670334543
0.0662493541173
0.0380186334954
0.0205968376605
0.00976773625373
0.00102212462965
0.000534402438773
0.000121540546307
1.39280226239e-05
8.59231862715e-07
2.79879647868e-08
2.65445886924e-09
9.59865204642e-10
0.124676836123
0.112830836144
0.124418999562
0.134575190187
0.142563421755
0.148043075474
0.151103045138
0.151219172505
0.14689685735
0.1364072296
0.118680849919
0.093270991456
0.0735364560921
0.0457792744718
0.0248618426153
0.0124342548925
0.000691084258607
0.000300058459014
5.32553472313e-05
3.08085122786e-06
8.874625099e-08
7.25491764479e-09
1.63697530594e-09
0.11272826738
0.100637408724
0.112502514655
0.124055616008
0.13375531188
0.140685857564
0.144974314298
0.146087925995
0.143461049047
0.135710327925
0.121815585586
0.101242108168
0.0740117591914
0.0538082992177
0.0321970294135
0.0155787159289
0.000486063341492
0.000173201084562
1.79476438451e-05
4.62114421664e-07
2.32487787785e-08
3.61887622154e-09
0.100548948883
0.0895195464453
0.100354319999
0.112184338756
0.123234453841
0.13190164946
0.137859237288
0.140781972962
0.13984831619
0.134707413065
0.12399789928
0.107385786596
0.0846202631607
0.0592688614483
0.040223520676
0.022539121245
0.000333085550041
9.22801256371e-05
3.60549532381e-06
1.43247459999e-07
1.02191924655e-08
0.0894507287399
0.0892989005898
0.100079845714
0.11146539829
0.121398575579
0.129076591578
0.133888434694
0.135336495424
0.132394536473
0.125283490179
0.112041040252
0.0928470311715
0.0481240946194
0.0306985691942
0.0215774017542
0.00021026930024
3.28619987274e-05
1.16568656213e-06
5.94719845957e-08
0.0890847951785
0.0994592009353
0.109851822753
0.118654909381
0.125078575172
0.128513224832
0.128431787128
0.123524470866
0.115419024647
0.0996731216682
0.0406140831944
0.0267709145691
0.01888218278
0.000109556243271
0.000202419462669
1.34780554656e-05
4.61616225478e-07
0.0886009627024
0.0980663476042
0.107431461001
0.114870271787
0.119714767015
0.12138441227
0.119586222124
0.112236408702
0.10510920903
0.0359027341797
0.0248238309829
0.0175005554973
0.000119194445716
6.95131159124e-05
0.000195091289979
5.84049904407e-06
0.0875107778863
0.0959812525185
0.104076445297
0.109921374343
0.112841527419
0.112133940328
0.107742926609
0.0929133838933
0.0330774918741
0.0233268964408
0.0163256254642
0.000123640417095
8.18825484688e-05
5.00893373888e-05
0.000187860248112
0.0858781090375
0.0931103867849
0.0996864139571
0.1036927263
0.104385961339
0.100588900967
0.091353443173
0.0656984876016
0.0316647795065
0.0196637888425
0.0114541068726
0.000125129764274
8.72554707158e-05
6.22580266086e-05
0.000180637033975
0.083625507551
0.0893815042446
0.094225263192
0.0960998312906
0.0943205599319
0.0870850797423
0.0728069774018
0.0501458261754
0.0306455369312
0.0128007155035
0.00531935375435
0.000126230568108
9.07093647563e-05
6.9453727154e-05
0.000179734478473
0.0806842549638
0.0847557390542
0.0877219212881
0.0872470933874
0.082843629827
0.0727958528303
0.0570443145239
0.0397872459745
0.0267510999915
0.00588373313053
0.000507697409641
0.000127706855646
9.37940510371e-05
7.48073944574e-05
0.07699336875
0.0792421231413
0.0802172532523
0.0774051484633
0.0704965215346
0.0586145328877
0.0426301227542
0.0323890277944
0.01740900425
0.0219421059624
0.00105151677105
0.000147646393355
9.65741635226e-05
7.93871025294e-05
0.0725032958805
0.0728723873589
0.0717566672948
0.0667563316116
0.0576433887855
0.0442650774668
0.0311585385039
0.0265579449872
0.00575425022366
0.0135956991279
0.0192828516213
0.000219258293661
0.000101809484707
8.3385976082e-05
0.0671937746225
0.065677289575
0.0624317073428
0.0554291709592
0.0443444352341
0.0314717205912
0.0235653183456
0.0224838057075
0.00128607082402
0.00596336892603
0.0129844982286
0.0156728689594
0.00011592542158
8.76995773081e-05
0.0610820678652
0.0577356899371
0.0523655800567
0.0435577291747
0.0320514960658
0.0225350233118
0.0186502941944
0.0183126819001
0.00161082228144
0.000337821510027
0.00656592917883
0.0112372219715
0.0144288413085
9.42247134253e-05
0.0542148303258
0.0491884398584
0.0420147316429
0.0322418435904
0.0228548170782
0.0171317882234
0.0152140296337
0.0136118565711
0.00202030288189
0.000497049059903
0.000176105220385
0.00636433352651
0.0105764725354
0.0466740161767
0.040275160486
0.0320569036529
0.0231488517599
0.0169727043294
0.0137070663799
0.0122493317314
0.00979108472574
0.00231677201504
0.00069504564842
0.000255526415668
0.00637569787997
0.0387788048759
0.0314297495331
0.0235453679665
0.0169940222715
0.0131925606122
0.0111074268864
0.00904750351007
0.00617411578293
0.00261995253913
0.000871792530064
0.000368588167315
0.0309552224426
0.02349993259
0.0173279767282
0.0129509522954
0.010464299868
0.00842268836765
0.00595035745586
0.00285071432241
0.00107699874453
0.000495607272503
0.023803429925
0.0174117261058
0.0130720956677
0.0100912802055
0.00801621320543
0.00575978412514
0.00303520762557
0.00126365178447
0.000648646444556
0.0179471559235
0.0131212453876
0.0100548191981
0.00775460196658
0.00565308337235
0.00317876841875
0.00143809250579
0.000813550851033
0.0135638417516
0.0100453950589
0.00770620681179
0.0055923288463
0.00331116448561
0.00161563492248
0.000985804094703
0.0103364055246
0.00769079251372
0.00563087034631
0.00344021587486
0.00189070154243
0.00128020714264
0.00787228375353
0.00567620110268
0.00359820158597
0.00218236953523
0.00157840201948
0.00582766050157
0.00376608412628
0.00249104563094
0.00188556758412
0.00396909094777
0.0027851655151
0.00221051960003
0.00309067008641
0.00252870131244
0.00285209640091
)
;

boundaryField
{
    inletfuel
    {
        type            fixedValue;
        value           uniform 0;
    }
    inletair
    {
        type            fixedValue;
        value           uniform 0;
    }
    outlet
    {
        type            zeroGradient;
    }
    leftside
    {
        type            zeroGradient;
    }
    burnerwall
    {
        type            zeroGradient;
    }
    front
    {
        type            wedge;
    }
    back
    {
        type            wedge;
    }
    reacting_to_fluid
    {
        type            zeroGradient;
    }
    reacting_to_solid
    {
        type            zeroGradient;
    }
}


// ************************************************************************* //
