/*--------------------------------*- C++ -*----------------------------------*\
  =========                 |
  \\      /  F ield         | OpenFOAM: The Open Source CFD Toolbox
   \\    /   O peration     | Website:  https://openfoam.org
    \\  /    A nd           | Version:  10
     \\/     M anipulation  |
\*---------------------------------------------------------------------------*/
FoamFile
{
    format      ascii;
    class       volScalarField;
    location    "0.3/reacting";
    object      HE;
}
// * * * * * * * * * * * * * * * * * * * * * * * * * * * * * * * * * * * * * //

dimensions      [0 0 0 0 0 0 0];

internalField   nonuniform List<scalar> 
1571
(
5.83877948624e-42
4.70646534318e-42
5.76698257141e-40
1.85054441703e-42
6.50522177925e-40
3.33047168527e-38
5.15010119056e-40
6.67190038548e-38
1.28819464902e-36
1.78595130624e-37
5.02230659828e-36
3.31418800005e-36
4.67280959143e-35
9.44001204032e-36
6.22031882409e-36
5.20793500807e-35
1.83717414371e-34
1.48179217276e-35
1.10075920198e-35
5.84786025632e-35
1.72775346643e-34
2.34592418189e-34
2.39160855653e-35
2.01335780559e-35
7.92465723852e-35
1.67616563678e-34
2.69127123693e-34
1.37985212988e-34
8.53460555734e-34
4.32353127372e-35
4.03582140412e-35
1.300796499e-34
2.16192484259e-34
3.52344576904e-34
8.3450646858e-34
8.62486359671e-35
6.92717971136e-34
4.64279842309e-33
8.76077517952e-35
1.0291327075e-34
2.5646893964e-34
3.39948010042e-34
6.04065296436e-34
1.06354394707e-33
4.00330295689e-33
3.50183418418e-35
4.36146822181e-34
2.70852519712e-33
1.79521684794e-32
2.29614970043e-34
3.59305516431e-34
6.78991432906e-34
6.87287412441e-34
1.08561609305e-33
1.69773494355e-33
4.04256796384e-33
1.90152573951e-32
1.6625926712e-34
1.55693627401e-33
9.74831175044e-33
7.57268452744e-32
7.96202298259e-34
1.60740385896e-33
2.28607699996e-33
1.87528738194e-33
2.43156784153e-33
3.26509551588e-33
5.06502757669e-33
2.18954418714e-32
1.51666969032e-31
5.4352062294e-34
5.30179248713e-33
3.79345690379e-32
3.5658930517e-31
3.33353168488e-33
7.6056278978e-33
8.95116673082e-33
6.16787447357e-33
6.99579461495e-33
8.51965580128e-33
8.53077250667e-33
2.81393960202e-32
2.20545733924e-31
8.37942196134e-31
1.80932535112e-33
2.0128267339e-32
1.67588186199e-31
1.85817216865e-30
1.4334791645e-32
3.47062226358e-32
3.5068950747e-32
2.29543913482e-32
2.24924356541e-32
2.77503880642e-32
1.99540753125e-32
4.75711028868e-32
3.51105085584e-31
2.08351927986e-30
4.61730185968e-30
6.82702269611e-33
8.68824703452e-32
8.42371488369e-31
1.10634009669e-29
5.95729141989e-32
1.52067286259e-31
1.32919163361e-31
8.35689891737e-32
7.96671052807e-32
9.7044388034e-32
6.27235590833e-32
1.02914413912e-31
7.90835971548e-31
5.03856319791e-30
1.26625955441e-29
2.85752987049e-29
2.90740588944e-32
4.2558239104e-31
4.82193465828e-30
7.54632891794e-29
2.41940887074e-31
6.53374294734e-31
4.94778110889e-31
2.94033583807e-31
2.68312583055e-31
3.56549458004e-31
2.28631015909e-31
2.57598508358e-31
1.86403800802e-30
1.12226996109e-29
3.62280364494e-29
8.01298485456e-29
2.02651526908e-28
1.39477979684e-31
2.36124307329e-30
3.14642916723e-29
5.91213145646e-28
9.77256500555e-31
2.69594865231e-30
1.8572656091e-30
1.01964329368e-30
8.71091654532e-31
1.18601864551e-30
8.98427253953e-31
7.37909119998e-31
4.57765579706e-30
2.82352987551e-29
1.04457666278e-28
2.3443602214e-28
5.79495007036e-28
1.64849751819e-27
7.54488850863e-31
1.48640922924e-29
2.35004114816e-28
5.35252978294e-27
3.80585904084e-30
1.02031043848e-29
6.74705960849e-30
3.60187740629e-30
2.79168798046e-30
3.74893918131e-30
3.08285742772e-30
2.20902535878e-30
1.16582486804e-29
7.43198514681e-29
2.94543624047e-28
6.88895221348e-28
1.68895545912e-27
4.79429129462e-27
1.54537316162e-26
4.60414855676e-30
1.06542394318e-28
2.02128581888e-27
5.6441345181e-26
1.36408563371e-29
3.68035773846e-29
2.24682118356e-29
1.23516181919e-29
9.21542855507e-30
1.144420864e-29
1.00380011596e-29
6.79487422158e-30
2.99441497824e-29
1.94165393581e-28
8.13150484288e-28
1.98619357083e-27
4.87902213739e-27
1.39121218995e-26
4.54402920668e-26
1.68098298637e-25
3.17285111994e-29
8.72433251017e-28
2.01706402475e-26
6.98917774975e-25
4.71268477981e-29
1.27993982814e-28
7.29828843839e-29
3.84975425241e-29
2.98271198388e-29
3.50202277524e-29
3.21137471375e-29
2.13894362318e-29
7.72579467204e-29
5.02919082959e-28
2.17801141522e-27
5.56159112219e-27
1.37675544253e-26
3.93470644334e-26
1.30630556213e-25
4.96098869227e-25
2.13641614833e-24
2.47603335072e-28
8.20597188535e-27
2.35403357009e-25
1.02615376614e-23
1.57889610827e-28
4.28383092265e-28
2.31197046507e-28
1.18270216998e-28
8.61168864557e-29
1.07863568912e-28
1.01057181927e-28
7.09296836396e-29
1.86062509267e-28
1.32699069397e-27
5.660086542e-27
1.507715871e-26
3.7643559003e-26
1.07452087793e-25
3.6061373433e-25
1.40188736106e-24
6.27078299513e-24
3.19737214528e-23
2.19058721606e-27
8.90873735596e-26
3.24208027954e-24
1.80059218207e-22
5.11849114147e-28
1.38740076368e-27
7.12996543817e-28
3.55589100739e-28
2.48030000151e-28
2.7823217184e-28
3.30051203517e-28
2.25336929679e-28
4.41869040378e-28
3.16064165288e-27
1.34978513632e-26
3.95088552698e-26
9.94122368623e-26
2.82477063169e-25
9.51147167798e-25
3.75133822252e-24
1.72494063204e-23
9.22752284171e-23
5.66397445804e-22
2.19647105555e-26
1.12124446232e-24
5.30315777292e-23
3.8264672829e-21
1.61393530669e-27
4.45510988631e-27
2.15226694097e-27
1.04542131739e-27
7.01150473853e-28
7.40025080583e-28
8.16390413564e-28
7.81597673605e-28
1.02426716637e-27
7.21864490964e-27
3.22376972483e-26
1.00382609919e-25
2.53293463679e-25
7.15185507504e-25
2.39891233238e-24
9.50498312265e-24
4.43429820623e-23
2.44124220145e-22
1.58306487808e-21
1.19728710442e-20
2.48886269994e-25
1.63632409319e-23
1.03864559331e-21
9.97411441708e-20
5.07703075735e-27
1.39708170686e-26
6.54163212212e-27
3.02260566591e-27
1.94525236465e-27
1.93327268087e-27
2.14682096509e-27
1.96044700216e-27
2.312525082e-27
1.59882491933e-26
7.51631556541e-26
2.45741274883e-25
6.23587570501e-25
1.74664911311e-24
5.80317547388e-24
2.28985081176e-23
1.07093915512e-22
5.96208225258e-22
3.96705644895e-21
3.17259393175e-20
3.02571421089e-19
3.16194946119e-24
2.75935782655e-22
2.43027856444e-20
3.28533710843e-18
1.56330698744e-26
4.24658986857e-26
1.95093354836e-26
8.87575022035e-27
5.32631865225e-27
5.02998608637e-27
5.35865797961e-27
5.2566271587e-27
5.20326023614e-27
3.4323210121e-26
1.71445448507e-25
5.80018862712e-25
1.48692468877e-24
4.12501333536e-24
1.35120605623e-23
5.27287167492e-23
2.44812535114e-22
1.35907788325e-21
9.0788347032e-21
7.38042734032e-20
7.36636351789e-19
9.18029295149e-18
4.436244662e-23
5.26622904365e-21
6.70786959225e-19
1.46531067788e-16
4.67748879406e-26
1.2525232445e-25
5.67428298099e-26
2.55861829707e-26
1.49637676978e-26
1.29054120301e-26
1.33150012775e-26
1.31845748788e-26
1.24867181338e-26
6.81711606086e-26
3.77797479797e-25
1.33090258033e-24
3.43600163417e-24
9.4409455087e-24
3.03898499757e-23
1.16650025581e-22
5.33609073489e-22
2.92291887806e-21
1.93025655046e-20
1.55551676156e-19
1.54847221916e-18
1.9557033065e-17
3.39482336921e-16
6.65012773345e-22
1.0824133342e-19
2.04319904659e-17
1.35308311795e-14
1.36145199231e-25
3.61495427383e-25
1.61183675214e-25
7.21605405686e-26
4.11526321635e-26
3.44110580298e-26
3.231209946e-26
3.27056806822e-26
3.08661050326e-26
1.29292000899e-25
7.89191031043e-25
2.95917785175e-24
7.72161720079e-24
2.09807016411e-23
6.62305029579e-23
2.49088700439e-22
1.11618395689e-21
5.98594966743e-21
3.86606384353e-20
3.03959016292e-19
2.94058399171e-18
3.57774067024e-17
5.9016049761e-16
1.9951519396e-14
9.93333265743e-21
2.05906534489e-18
5.70001042104e-16
7.19386190965e-13
3.88799149685e-25
1.0192073636e-24
4.51265937028e-25
1.99485441224e-25
1.11082311936e-25
8.9047700479e-26
8.26619236597e-26
7.90610678043e-26
7.48513311936e-26
2.43013027435e-25
1.54916657257e-24
6.38194821059e-24
1.68857321513e-23
4.53871386347e-23
1.40293550156e-22
5.15440298883e-22
2.25303351363e-21
1.17628503078e-20
7.37443757773e-20
5.59941393456e-19
5.18824929789e-18
5.9481428108e-17
8.9823891545e-16
2.47965058958e-14
5.11574774525e-13
1.21366581044e-19
1.88476097438e-17
7.8090952045e-13
1.08659705702e-24
2.79808897994e-24
1.24015485871e-24
5.4604025012e-25
2.9499029534e-25
2.27470873208e-25
2.02937233538e-25
2.0324216581e-25
1.83444187325e-25
4.26615475913e-25
3.12864259165e-24
1.32876655146e-23
3.59689396701e-23
9.57323617952e-23
2.89609679048e-22
1.03715876223e-21
4.40868750051e-21
2.23176389015e-20
1.35114085084e-19
9.84294600789e-19
8.66357012973e-18
9.26183770132e-17
1.2683885732e-15
2.8791756636e-14
3.60788318563e-13
5.94712563985e-13
3.70820714604e-19
2.96039306666e-24
7.60624858361e-24
3.3287980725e-24
1.47144346881e-24
7.80176923301e-25
5.73098425151e-25
4.95920112472e-25
4.81183950531e-25
4.93962868101e-25
7.74347277073e-25
5.56393410474e-24
2.50049326172e-23
7.46621083305e-23
1.97118928335e-22
5.8386020905e-22
2.0351268907e-21
8.39491847258e-21
4.10887655702e-20
2.39375024921e-19
1.66611093174e-18
1.3865650772e-17
1.37621006272e-16
1.70781218201e-15
3.24303964574e-14
2.73716018707e-13
4.53666554026e-13
7.99909224008e-24
2.03588517573e-23
8.88846506451e-24
3.8798681579e-24
2.03805875485e-24
1.44834072147e-24
1.19116655548e-24
1.13108177957e-24
1.12787366255e-24
1.43872590164e-24
9.62468376826e-24
4.6305968017e-23
1.52095492924e-22
3.96796827559e-22
1.15173292601e-21
3.90385155142e-21
1.56048835166e-20
7.37061442658e-20
4.12247984643e-19
2.73435835081e-18
2.14641707242e-17
1.97498066855e-16
2.22871350929e-15
3.61013100998e-14
2.26916878673e-13
3.61007679885e-13
2.12977399312e-23
5.34625883721e-23
2.34174927249e-23
1.0212455297e-23
5.21903374472e-24
3.62573241388e-24
2.89608124476e-24
2.58234409244e-24
2.60109280336e-24
2.82540394825e-24
1.56445974467e-23
8.51834571293e-23
3.00460222179e-22
7.81779281458e-22
2.22580347208e-21
7.33538755877e-21
2.83919527428e-20
1.2925247066e-19
6.93036768658e-19
4.37418576117e-18
3.23517920568e-17
2.76118566325e-16
2.84559708496e-15
4.00811915855e-14
2.05406354036e-13
3.05221832347e-13
5.56632658544e-23
1.39334616206e-22
6.06190198856e-23
2.65574081301e-23
1.34117372031e-23
8.90071482534e-24
6.99088640871e-24
6.08222980159e-24
5.76555686187e-24
6.06482762509e-24
2.36740056782e-23
1.50296292132e-22
5.78817578006e-22
1.50989196493e-21
4.21955399905e-21
1.35253087302e-20
5.0673197466e-20
2.22189169265e-19
1.14117532169e-18
6.84895694719e-18
4.77211907141e-17
3.78321396881e-16
3.57965651846e-15
4.45706496351e-14
1.98789072299e-13
2.84837499571e-13
1.44491147467e-22
3.67911935047e-22
1.56080659081e-22
6.79252036786e-23
3.40993340007e-23
2.20909990675e-23
1.65039301697e-23
1.42837992856e-23
1.33795854073e-23
1.31897015055e-23
3.70570118422e-23
2.42916459146e-22
1.08985846409e-21
2.86360888848e-21
7.85704999587e-21
2.45054897384e-20
8.88864659542e-20
3.7528201112e-19
1.8456403478e-18
1.05315400058e-17
6.91547546575e-17
5.10344574098e-16
4.45465155687e-15
4.97393934532e-14
2.01609730418e-13
2.78717174165e-13
3.80107157363e-22
1.04715208311e-21
4.07465751859e-22
1.7310735797e-22
8.53753680288e-23
5.42529511789e-23
3.96759090189e-23
3.24264143024e-23
3.0897413925e-23
3.038760547e-23
5.714430734e-23
4.13446297131e-22
1.97031894837e-21
5.34799697318e-21
1.43872351737e-20
4.3708374396e-20
1.53464708707e-19
6.24014020557e-19
2.93868506071e-18
1.59462001044e-17
9.87627257816e-17
6.80014703788e-16
5.50232890416e-15
5.57453052793e-14
2.11067737938e-13
2.81517419112e-13
1.07689935899e-21
4.02234426681e-21
1.14345979011e-21
4.47524257167e-22
2.13605924926e-22
1.31337471488e-22
9.42111070806e-23
7.5639135187e-23
6.7186357647e-23
6.99115428191e-23
1.00153167608e-22
6.0269006674e-22
3.15459761097e-21
9.77499975254e-21
2.59462873558e-20
7.6798733808e-20
2.6122395045e-19
1.02307619284e-18
4.61541476313e-18
2.38286174957e-17
1.39338523071e-16
8.97483234324e-16
6.76096682752e-15
6.27535102197e-14
2.257974063e-13
2.91032575851e-13
4.108953447e-21
2.71580590603e-20
4.30183728237e-21
1.24045562444e-21
5.42417552133e-22
3.19142053533e-22
2.20654072876e-22
1.74019193749e-22
1.51211818403e-22
1.45547972305e-22
1.82814299614e-22
8.94521696315e-22
4.84547767141e-21
1.76944190419e-20
4.6089934633e-20
1.33184628001e-19
4.38726031068e-19
1.65638409482e-18
7.1615038069e-18
3.52057649256e-17
1.94608716014e-16
1.17546872184e-15
8.2787244414e-15
7.09590256289e-14
2.45205170694e-13
3.06347989547e-13
2.75801765262e-20
2.72772753471e-19
2.85142867118e-20
4.58055089911e-21
1.46890777763e-21
7.87031009114e-22
5.2127237757e-22
3.95227391693e-22
3.38684341672e-22
3.16105434303e-22
3.40693904348e-22
1.313016658e-21
7.58683689999e-21
3.0885655476e-20
8.0754477859e-20
2.27967157811e-19
7.27983516184e-19
2.65096253166e-18
1.09938441151e-17
5.15080078305e-17
2.69511304126e-16
1.53062319252e-15
1.0114716886e-14
8.05813936942e-14
2.69306179168e-13
3.27226778918e-13
2.76473551329e-19
3.02272968914e-18
2.84638564935e-19
2.98483155434e-20
5.2303137195e-21
2.04824283558e-21
1.24812929192e-21
9.10136515373e-22
7.47299700369e-22
6.95310930042e-22
7.03647005496e-22
1.85164721986e-21
1.17824432479e-20
5.31143550878e-20
1.39452038288e-19
3.85577084189e-19
1.19417531882e-18
4.19934058504e-18
1.67154813064e-17
7.47221384207e-17
3.7063128625e-16
1.98396810519e-15
1.23442892338e-14
9.19083025533e-14
2.98404768146e-13
3.5394736732e-13
3.0645568642e-18
3.24451689223e-17
3.15688262287e-18
2.96233833839e-19
3.29135894177e-20
6.82805463895e-21
3.11381540376e-21
2.11828830183e-21
1.6798678025e-21
1.49812027862e-21
1.50607838221e-21
2.79384906885e-21
1.80023424057e-20
8.95526216408e-20
2.38959939675e-19
6.43790702521e-19
1.93952869845e-18
6.5895435578e-18
2.51998339215e-17
1.07600416688e-16
5.0670283219e-16
2.56298993941e-15
1.5061636327e-14
1.05272719261e-13
3.33252008237e-13
3.87128935596e-13
3.293302271e-17
3.1465996809e-16
3.4011344049e-17
3.28809461282e-18
3.22686913433e-19
4.01129199107e-20
9.63235563531e-21
5.06514855337e-21
3.80162982721e-21
3.27775028554e-21
3.20765771423e-21
4.7837335101e-21
2.50952723454e-20
1.30607783292e-19
4.05824748414e-19
1.06646949269e-18
3.11965088006e-18
1.02530594251e-17
3.77019451966e-17
1.53963490821e-16
6.89392771397e-16
3.30279871783e-15
1.83857336699e-14
1.21127850227e-13
3.74786826337e-13
4.27807117705e-13
3.20058119772e-16
2.6500636161e-15
3.3200472187e-16
3.55480032531e-17
3.58768136087e-18
3.83382042747e-19
5.18152138404e-20
1.4476709086e-20
8.71502080687e-21
7.19548940473e-21
6.80342833452e-21
8.50057014301e-21
3.57377323455e-20
1.87263104958e-19
6.82626979296e-19
1.75374327787e-18
4.98178623563e-18
1.58272140231e-17
5.60325524463e-17
2.19099386978e-16
9.3427509811e-16
4.24950492846e-15
2.24695519748e-14
1.39998865541e-13
4.24523649224e-13
4.77358033348e-13
2.70454968529e-15
1.57018983279e-14
2.82512791554e-15
3.49077730469e-16
3.90676339721e-17
4.27747165868e-18
4.77784818534e-19
6.99301319915e-20
2.29634005061e-20
1.58226939332e-20
1.44324050263e-20
1.58287612032e-20
4.92917374236e-20
2.75915710692e-19
1.11762601703e-18
2.86235383277e-18
7.90733993358e-18
2.42739002001e-17
8.27849876807e-17
3.1035230812e-16
1.26223817338e-15
5.46296297979e-15
2.75072139509e-14
1.62621139491e-13
4.84148986191e-13
5.37723984041e-13
1.61057610643e-14
3.34588114908e-14
1.69995986913e-14
2.99785460149e-15
3.88213031171e-16
4.72697557251e-17
5.35523319453e-18
6.13318229771e-19
9.73714624131e-20
3.83826987589e-20
3.0555475485e-20
3.11521492031e-20
7.14628774723e-20
3.93278513441e-19
1.80816350216e-18
4.63303480289e-18
1.24559097554e-17
3.70135931221e-17
1.2172146905e-16
4.37888657647e-16
1.70139456017e-15
7.0219730456e-15
3.37563992907e-14
1.89906826157e-13
5.56337207585e-13
6.11322941252e-13
3.40682976257e-14
5.75646293305e-14
3.54155883961e-14
1.82886297615e-14
3.39232303249e-15
4.80368386127e-16
6.03354224677e-17
6.90969503741e-18
7.93583332977e-19
1.391323777e-19
6.82295425045e-20
6.29744838711e-20
1.1114792967e-19
5.96806337745e-19
2.86093660742e-18
7.45949906884e-18
1.94897502369e-17
5.61405191479e-17
1.78203285147e-16
6.15936146039e-16
2.28957416021e-15
9.03081252548e-15
4.15398382393e-14
2.23201571099e-13
6.43560117906e-13
7.01440043079e-13
5.84188305423e-14
9.26539820635e-14
6.03030605719e-14
3.73343172711e-14
2.12159294293e-14
4.32458709326e-15
6.30308163354e-16
7.97732994167e-17
8.97669011745e-18
1.01053670586e-18
2.06213239575e-19
1.31361347075e-19
1.82878524706e-19
8.60960545174e-19
3.9870068074e-18
1.19428770613e-17
3.03725551318e-17
8.47796376061e-17
2.59976152166e-16
8.64170003374e-16
3.07848546395e-15
1.16264657072e-14
5.12988631392e-14
2.63838032001e-13
7.4949460755e-13
8.11957927893e-13
9.38114942704e-14
1.64384307166e-13
9.63663249383e-14
6.29901680014e-14
4.16674728572e-14
2.81036594709e-14
5.86124487625e-15
8.61020384503e-16
1.06897386644e-16
1.14154630763e-17
1.23582123164e-18
3.28614122934e-19
3.2327611687e-19
1.16237664091e-18
5.70609309201e-18
1.91398806223e-17
4.71558233872e-17
1.27609836822e-16
3.7809139478e-16
1.21031747327e-15
4.13764836267e-15
1.49950879626e-14
6.35812090406e-14
3.1401470118e-13
8.79268153587e-13
9.48244011341e-13
1.66448200982e-13
5.1876474296e-13
1.71011865751e-13
9.99958930011e-14
6.91350979158e-14
5.18030031632e-14
3.9492088536e-14
8.28396957684e-15
1.1996292754e-15
1.414278182e-16
1.36715723817e-17
1.43524951175e-18
6.42114620257e-19
1.59663468047e-18
7.85419529743e-18
3.01562745867e-17
7.31245879803e-17
1.91630480809e-16
5.48601895401e-16
1.69291531419e-15
5.56343867087e-15
1.93793736572e-14
7.91654985739e-14
3.759879251e-13
1.03981165483e-12
1.11740145805e-12
5.27984544771e-13
3.35859115353e-12
5.48521008664e-13
1.77525988169e-13
1.08252220395e-13
8.33282733664e-14
6.81724576948e-14
5.75362506298e-14
1.20045487149e-14
1.66965228767e-15
1.78464448718e-16
1.44741649896e-17
1.69518096044e-18
2.33817021857e-18
1.06606651143e-17
4.65071510796e-17
1.12861571487e-16
2.8712347323e-16
7.94336549178e-16
2.36653036264e-15
7.48583943401e-15
2.51197888324e-14
9.90040168194e-14
4.53616599881e-13
1.23995100939e-12
1.32878894786e-12
3.43165458416e-12
2.17925288257e-11
3.5944555414e-12
5.78176355966e-13
1.92466092032e-13
1.27304354308e-13
1.0594501201e-13
9.33758860287e-14
8.52844021593e-14
1.75963878276e-14
2.27107385684e-15
2.03162015604e-16
1.21570464771e-17
3.76201355366e-18
1.59044602927e-17
7.03789505407e-17
1.73358228622e-16
4.28568263571e-16
1.14896210916e-15
3.3071870036e-15
1.00874183359e-14
3.26571911304e-14
1.24511724034e-13
5.5081329842e-13
1.49194846171e-12
1.59486790986e-12
2.22102043337e-11
1.23624280338e-10
2.31401630629e-11
3.83017583882e-12
6.47174432419e-13
2.27584035268e-13
1.5750277321e-13
1.40120639703e-13
1.31192234365e-13
1.26216005906e-13
2.58354142069e-14
2.92957744129e-15
1.8807486532e-16
9.62944249122e-18
2.25376534172e-17
9.41939493544e-17
2.64929682772e-16
6.37750832475e-16
1.6591762101e-15
4.62381442895e-15
1.36127484461e-14
4.26219715532e-14
1.57396910189e-13
6.74594783061e-13
1.81160712719e-12
1.9321341473e-12
1.25833109999e-10
3.04056356287e-10
1.30725962086e-10
2.44809838188e-11
4.38119768825e-12
8.15857492818e-13
2.84692916091e-13
2.02902729564e-13
1.90127615337e-13
1.87021213504e-13
1.82138823578e-13
3.75513813513e-14
3.40435551596e-15
1.22822339123e-16
3.35650534528e-17
1.29198582503e-16
4.08393027625e-16
9.46267859229e-16
2.39096141902e-15
6.46057424059e-15
1.84093332129e-14
5.58322965986e-14
2.00269181095e-13
8.31777714197e-13
2.22122995757e-12
2.36284543214e-12
3.07625967546e-10
5.24078019623e-10
3.15495267435e-10
1.37748811164e-10
2.75972531105e-11
5.74408030232e-12
1.10634946671e-12
3.72486921731e-13
2.68299922479e-13
2.60425402146e-13
2.65206317731e-13
2.51501982662e-13
5.2567284543e-14
3.70262805455e-15
1.09614899031e-16
1.91004691206e-16
6.21779569069e-16
1.40220694945e-15
3.43719667157e-15
9.02233973135e-15
2.49323682567e-14
7.3464911225e-14
2.56259045611e-13
1.03547590541e-12
2.74959816116e-12
2.91674084793e-12
5.27957433573e-10
7.76685599668e-10
5.36477143833e-10
3.26647623932e-10
1.53918200819e-10
3.52114128925e-11
8.16263625674e-12
1.5916326326e-12
5.0278809629e-13
3.57830408885e-13
3.52263375206e-13
3.57596172456e-13
3.26292020606e-13
7.20167649478e-14
5.41524706992e-15
4.77779575092e-16
9.76244795917e-16
2.07818032191e-15
4.92772747869e-15
1.25711760428e-14
3.38242296722e-14
9.70199270571e-14
3.30367959064e-13
1.29962375861e-12
3.4380108716e-12
3.63425613514e-12
7.80425461532e-10
1.41223692438e-09
7.88636181797e-10
5.484857108e-10
3.51914066825e-10
1.92074086419e-10
4.84153770865e-11
1.23956062616e-11
2.39410728402e-12
6.8782466232e-13
4.72499373343e-13
4.6342763986e-13
4.52339961857e-13
3.97086887993e-13
9.96273685682e-14
1.34412387485e-14
2.42618817986e-15
3.16319722467e-15
7.03828639586e-15
1.74717148328e-14
4.58489316546e-14
1.28594777856e-13
4.28134594727e-13
1.6482776414e-12
4.32906902606e-12
4.57023552938e-12
1.41930589885e-09
5.9593800848e-09
1.43487879282e-09
8.0018240521e-10
5.75576087388e-10
4.09416233913e-10
2.54768670737e-10
7.0778900157e-11
1.98407887482e-11
3.70938267309e-12
9.39112998531e-13
6.13053499696e-13
5.90317017719e-13
5.37389052895e-13
4.61386524819e-13
1.38711297303e-13
2.87228627254e-14
6.49689126715e-15
1.01424072289e-14
2.4105914184e-14
6.20516396196e-14
1.70670359864e-13
5.58742778341e-13
2.10641406139e-12
5.50467350966e-12
5.79383027646e-12
6.02426683858e-09
1.99544610779e-08
6.16860731181e-09
1.45692553837e-09
8.26149925174e-10
6.35912165825e-10
4.98025330076e-10
3.53288952791e-10
1.08672791927e-10
3.32267232494e-11
5.88693863473e-12
1.27466026465e-12
7.85229997035e-13
7.20360161535e-13
6.2816756333e-13
5.36511103175e-13
1.76063431822e-13
4.44385882423e-14
1.69287397374e-14
3.31865925983e-14
8.31910525336e-14
2.26350282024e-13
7.31025155051e-13
2.71805488658e-12
7.03505175817e-12
7.40527561061e-12
2.0156537409e-08
5.20981671647e-08
2.06052391743e-08
6.37650846771e-09
1.50693976053e-09
8.83630517311e-10
7.26062784081e-10
6.25935855319e-10
5.05373776825e-10
1.74004393469e-10
5.84524043266e-11
9.612190332e-12
1.72535242272e-12
9.84124630206e-13
8.71553302893e-13
7.49560948733e-13
6.1510646303e-13
2.17099734617e-13
6.85429785886e-14
4.78723862976e-14
1.10494751394e-13
2.97349254242e-13
9.57868888703e-13
3.52052325708e-12
9.05823510388e-12
9.51763901715e-12
5.25408115953e-08
1.11239960362e-07
5.35208465389e-08
2.12492149724e-08
6.85874949706e-09
1.62097421671e-09
9.68180210919e-10
8.50125917371e-10
8.02109050482e-10
7.40104297211e-10
2.91379290084e-10
1.09524760098e-10
1.64023256229e-11
2.36567323906e-12
1.22537409012e-12
1.09985622947e-12
6.85482749488e-13
2.81802284321e-13
1.20047739616e-13
1.45661461121e-13
3.85076136725e-13
1.24200624014e-12
4.58122339452e-12
1.16434719766e-11
1.23094436886e-11
1.11947558144e-07
2.00963791753e-07
1.13510828069e-07
5.4920311323e-08
2.27374469778e-08
8.03836361653e-09
1.79782129988e-09
1.08257091519e-09
1.01159625804e-09
1.03508575941e-09
1.10155425141e-09
5.15323377821e-10
2.26068462618e-10
2.97190041406e-11
3.1279459385e-12
1.59716494747e-12
7.91519434241e-13
3.87837565516e-13
2.54363006091e-13
4.82432680709e-13
1.58276652808e-12
5.90070942975e-12
1.50136752894e-11
1.59244190676e-11
2.01869320767e-07
3.18641023378e-07
2.03863354056e-07
1.1573367801e-07
5.81345684204e-08
2.63279644841e-08
1.00926197974e-08
2.05644836708e-09
1.22903860835e-09
1.21448759182e-09
1.33669801648e-09
1.65525164328e-09
9.75698770051e-10
5.45109186634e-10
5.57965810394e-11
3.28447031162e-12
8.92530997911e-13
6.00270501781e-13
6.58650122986e-13
1.90730591318e-12
7.51125097336e-12
1.88997442064e-11
2.06356287493e-11
3.19524213354e-07
4.5481755567e-07
3.21469592805e-07
2.06681015071e-07
1.20812210983e-07
6.5726098022e-08
3.24259194991e-08
1.36479473945e-08
2.42333253539e-09
1.4090248023e-09
1.46509927546e-09
1.73496569782e-09
2.50559698884e-09
1.99911765971e-09
1.63479479783e-09
9.44808531565e-11
1.0282528625e-12
1.07880473377e-12
2.18044652861e-12
9.04489674463e-12
2.35429005582e-11
2.63359723514e-11
4.55632491175e-07
5.98838811569e-07
4.57426030432e-07
3.24213630833e-07
2.13068344941e-07
1.32610843826e-07
7.81831961551e-08
4.25586693451e-08
2.00173122234e-08
2.93744516255e-09
1.62453596909e-09
1.78056115791e-09
2.30842082008e-09
3.89650930023e-09
4.51101327069e-09
8.10909244834e-09
1.51444317516e-12
2.48743030804e-12
1.02835132807e-11
2.69348217314e-11
3.31608344117e-11
5.99510138607e-07
6.00993480623e-07
4.59955336062e-07
3.30419566987e-07
2.27505682456e-07
1.51376439168e-07
9.79002846539e-08
5.95873048923e-08
3.2235517467e-08
3.65564510784e-09
1.88243207971e-09
2.20995839265e-09
6.76836725987e-09
1.25676864676e-08
6.07993715432e-08
3.02466647321e-12
9.93671196649e-12
2.9871475235e-11
3.92784282557e-11
6.03085740259e-07
4.65674144433e-07
3.44404292841e-07
2.4943922414e-07
1.79496975438e-07
1.28921378715e-07
8.92516753868e-08
5.8551663315e-08
4.65429862808e-09
2.2049627466e-09
1.26767617996e-08
4.09286723978e-08
1.68859580336e-07
8.96357978394e-12
4.26179625191e-12
2.90379859815e-11
4.47044298391e-11
6.0781356238e-07
4.78518039828e-07
3.65474378178e-07
2.80338862798e-07
2.19906398689e-07
1.77846721495e-07
1.43932351786e-07
1.25622943839e-07
5.94964212323e-09
2.51458535116e-08
7.8651853827e-08
1.88403266362e-07
1.02801546437e-11
2.12527811281e-11
6.04475356538e-12
4.58365409095e-11
6.18501898628e-07
4.97730110978e-07
3.94804500719e-07
3.21703926923e-07
2.75648811508e-07
2.53783293745e-07
2.51004110552e-07
3.59293162424e-07
4.07205556964e-08
9.62218984552e-08
1.67932910978e-07
1.20713877912e-11
2.14879845357e-11
3.07798266846e-11
8.59642394251e-12
6.34498655162e-07
5.24107089697e-07
4.33271297396e-07
3.74886183593e-07
3.49015871375e-07
3.64735819858e-07
4.57237918041e-07
8.79438345034e-07
5.06534274963e-08
1.06097919573e-07
1.4583531963e-07
1.44504597847e-11
2.34405411078e-11
2.98046437506e-11
1.40076555209e-11
6.56487852677e-07
5.58156401496e-07
4.80988680847e-07
4.40443114432e-07
4.4014769225e-07
5.06997339529e-07
7.34529708485e-07
1.14378356984e-06
5.59333348388e-08
9.48493259452e-08
8.5590726592e-08
1.79670326683e-11
2.61407478582e-11
3.08498186765e-11
1.2820119364e-10
6.8499043125e-07
5.99898294809e-07
5.37072334628e-07
5.15995601008e-07
5.42623667111e-07
6.48173651747e-07
9.11902517978e-07
1.26331948723e-06
6.26067094555e-08
6.28143310628e-08
6.16922740925e-09
3.75598665247e-11
2.95593176693e-11
3.3000689813e-11
7.20308668627e-07
6.48601571494e-07
5.99786496921e-07
5.95646075938e-07
6.40466266064e-07
7.43575782427e-07
9.76019368383e-07
1.27676342321e-06
5.97659257557e-08
6.81875030902e-08
1.17298944638e-08
4.15658452052e-10
3.67035306979e-11
3.61280679167e-11
7.6237754194e-07
7.02820093075e-07
6.66198446472e-07
6.71868175082e-07
7.1629264889e-07
7.77587745171e-07
9.44228024908e-07
1.22096098411e-06
2.67766169147e-08
5.34839061168e-08
7.63715712555e-08
1.27335099799e-09
1.03816386159e-10
4.12069513663e-11
8.10411210846e-07
7.60295726803e-07
7.3136039371e-07
7.35323456251e-07
7.5668357188e-07
7.55477661074e-07
8.50080263337e-07
1.11761277049e-06
6.69111805773e-09
2.90548742065e-08
5.78984292392e-08
8.02523358247e-08
2.82999891217e-10
6.33531102108e-11
8.62540816413e-07
8.17085038408e-07
7.87787315269e-07
7.73808500834e-07
7.45909681951e-07
6.81250422997e-07
7.13579086861e-07
8.05662028553e-07
8.93043415397e-09
1.61364924302e-09
3.434844165e-08
5.89343396476e-08
9.35104760328e-08
1.28390206246e-10
9.1539604574e-07
8.66774418968e-07
8.23297934699e-07
7.6906371713e-07
6.80398977656e-07
5.75662588565e-07
5.28411671643e-07
2.27096733172e-07
1.20408502265e-08
2.7279742417e-09
6.83675902442e-10
3.69557073051e-08
6.62197860846e-08
9.6314445641e-07
8.99328828056e-07
8.22450121351e-07
7.10329636488e-07
5.76733827393e-07
4.42407751636e-07
2.64582835472e-07
8.83025011118e-08
1.50600612615e-08
4.28144675613e-09
1.29659915025e-09
4.21193439247e-08
9.957193868e-07
9.00074010957e-07
7.71954966285e-07
6.08866576041e-07
4.48196779218e-07
2.76959501804e-07
1.13658553891e-07
4.89908011705e-08
1.89017699382e-08
5.97994342477e-09
2.2593560206e-09
9.99824713483e-07
8.53342091116e-07
6.74975997557e-07
4.81471916207e-07
3.03035586606e-07
1.39938214546e-07
5.87826504674e-08
2.33072567445e-08
8.30924723897e-09
3.51632457564e-09
9.61281089276e-07
7.58125116097e-07
5.4695999552e-07
3.41468198443e-07
1.71857560668e-07
7.23167316234e-08
2.88515300965e-08
1.10943780162e-08
5.29804953923e-09
8.74554170297e-07
6.28774732175e-07
4.03843650467e-07
2.10834714578e-07
9.15427780741e-08
3.61183261847e-08
1.46733014503e-08
7.65309556714e-09
7.47103010001e-07
4.81286868843e-07
2.65779315421e-07
1.17785818246e-07
4.64270072399e-08
1.98302586682e-08
1.08625797797e-08
5.93250828706e-07
3.34402759921e-07
1.56499635052e-07
6.13854314754e-08
2.8718690247e-08
1.66880357647e-08
4.31986856691e-07
2.08991258097e-07
8.47391445281e-08
4.23677173602e-08
2.52283873484e-08
2.85735221061e-07
1.2067227329e-07
6.43633077722e-08
3.8436106258e-08
1.77507727195e-07
9.96679556704e-08
6.01018436072e-08
1.58441056408e-07
9.57079993367e-08
1.56015340831e-07
)
;

boundaryField
{
    inletfuel
    {
        type            fixedValue;
        value           uniform 0;
    }
    inletair
    {
        type            fixedValue;
        value           uniform 0;
    }
    outlet
    {
        type            zeroGradient;
    }
    leftside
    {
        type            zeroGradient;
    }
    burnerwall
    {
        type            zeroGradient;
    }
    front
    {
        type            wedge;
    }
    back
    {
        type            wedge;
    }
    reacting_to_fluid
    {
        type            zeroGradient;
    }
    reacting_to_solid
    {
        type            zeroGradient;
    }
}


// ************************************************************************* //
