/*--------------------------------*- C++ -*----------------------------------*\
  =========                 |
  \\      /  F ield         | OpenFOAM: The Open Source CFD Toolbox
   \\    /   O peration     | Website:  https://openfoam.org
    \\  /    A nd           | Version:  10
     \\/     M anipulation  |
\*---------------------------------------------------------------------------*/
FoamFile
{
    format      ascii;
    class       volScalarField;
    location    "0.3/reacting";
    object      k;
}
// * * * * * * * * * * * * * * * * * * * * * * * * * * * * * * * * * * * * * //

dimensions      [0 2 -2 0 0 0 0];

internalField   nonuniform List<scalar> 
1571
(
18.5659214876
20.5799596666
21.0045112158
11.8090772736
20.6129759513
20.832820364
9.67103339742
20.5105090031
20.9668246617
8.73616893
23.4664377363
21.3059257127
15.7057832697
26.2794123385
22.0703882705
34.8031863867
2.90433360539
29.554578976
22.8910477909
48.3230570676
11.0800169569
0.178475208602
31.8327787887
24.7311144399
53.0194446453
29.3825050477
0.603188996364
0.0118995656275
0.0163341949012
37.45910032
27.6428354783
64.9689723894
42.9932320113
2.41492117472
0.0504508568019
0.0128567059044
0.017057618174
0.0218314685299
43.8901026276
31.7622828241
68.7645098298
56.9424851804
4.62298357587
0.180605128988
0.0201388686178
0.0140846040815
0.0152780461943
0.0169746984774
0.0239172625904
49.2781777013
35.3561695192
69.3159199781
59.9834593612
7.56329686967
0.327578703902
0.0209933351052
0.0238386281651
0.0152313884558
0.0157406340782
0.0169936921707
0.0181775455509
53.0276626639
39.4619578835
69.0442727736
61.213168241
10.8533571882
0.582153151738
0.0233268770519
0.0216793174488
0.0250394487978
0.0150615349376
0.0156119372919
0.0159952212448
0.0162147341216
55.5537584751
43.9449265362
68.3236049197
61.9512392295
16.5308885685
1.05027391715
0.031778779523
0.0168803899966
0.0255815317487
0.0189123389614
0.0150530777135
0.015303546765
0.015449992923
0.015388958143
57.147563413
47.1351366579
66.8754290966
62.4129983874
22.3360266221
1.92359548984
0.061014848595
0.0144028096265
0.0246989472818
0.022016381401
0.016088473168
0.01500084428
0.015126789743
0.0151377397458
0.0150398807676
57.03693743
48.6292669383
65.0680278745
62.2261709968
28.5050763588
3.00016313816
0.144559946517
0.0105697267275
0.0228200650148
0.0241171814445
0.0176127307708
0.015215689695
0.0149819058479
0.0150041627906
0.0149668739018
0.0148731084068
56.3208152645
48.5462973694
62.7541227774
61.759086378
34.0587555747
4.75960184176
0.319907539001
0.0108504775537
0.020996395611
0.0241169890648
0.0190088471932
0.0156040881671
0.0149068513015
0.0149585112673
0.0149339873782
0.0148632667453
0.0147814807131
54.6387530427
47.8457267188
60.1493946355
60.8555867273
39.4311876918
6.68095923895
0.586318153137
0.0129692296114
0.0184752054133
0.023904532258
0.0202139403772
0.016171420331
0.0149906718093
0.0147556234333
0.0149349919763
0.0148695656317
0.0148065063423
0.0147315847254
52.3115599402
46.0917230522
57.0504183957
59.4587057292
43.6522145417
9.80834428205
0.843457584334
0.0198699657102
0.0164262996359
0.0232189045021
0.0208299419344
0.0167968651058
0.0151314963915
0.0147550484344
0.0146854019187
0.0149448435783
0.0148521333455
0.0147764855709
0.0147107473549
49.3817291007
43.4859947654
53.3074221843
57.0991348316
47.227960997
13.1566300728
1.3697267818
0.0340015020131
0.014562275328
0.0226620397376
0.0212486569167
0.0172529027237
0.0153242792269
0.014762522425
0.014642689752
0.014656560213
0.0149366005826
0.0148352213651
0.0147623713011
0.0146919888676
46.0114981584
40.7645486119
49.2715894881
53.8612331616
48.1226099652
17.9916119502
2.04578202155
0.0685066345501
0.0133739725838
0.0217156004051
0.0212378097385
0.017613208287
0.0155127877989
0.0147827461572
0.0146038162013
0.0146018977134
0.0146321780137
0.0149340788398
0.0148267768571
0.0147486456721
0.0146938450976
42.6649970643
38.2348213113
45.2750996858
50.2095693825
47.7586915486
21.8793546368
3.48662568658
0.150328119761
0.0117195778836
0.0209808056159
0.0210926017054
0.0178350137236
0.0157076092749
0.0148147839069
0.0145686746108
0.0145471789033
0.0145707227416
0.014633870853
0.0149330435781
0.0148186188549
0.0147505804179
0.0146819961696
39.6485702061
35.7888187787
41.697026811
46.3159599386
46.5125147352
25.700352538
4.66415469808
0.373058467673
0.0118441394415
0.0194157921905
0.0207917389154
0.0180367959528
0.0158770121274
0.0148503083987
0.0145372158763
0.0144930005244
0.0145077228463
0.0145718849306
0.0146214250634
0.0149315862136
0.0148206057819
0.014740258928
0.0146958676695
36.8216786685
33.2954483024
38.3842354822
42.7258349398
44.2062332865
28.3446047627
7.07857858545
0.540882091249
0.0139373811011
0.0182232285069
0.0202050596053
0.0181859224368
0.0160096981587
0.0148833034111
0.0145075759149
0.0144388541439
0.0144438513761
0.0145079584617
0.0145593003527
0.0146369271905
0.0149327664339
0.0148129117185
0.0147522798546
0.0146815926033
34.0467756888
30.7865158714
35.2290872845
39.2962187887
41.7217715317
30.5179318563
9.52821304938
1.01906705333
0.0170390917135
0.0169398995919
0.0198255563269
0.0182552617932
0.0160913612192
0.0149126500686
0.014479730425
0.0143854610417
0.0143789023587
0.0144423623078
0.01449556818
0.0145760652351
0.0146248683402
0.0149298198454
0.014822480805
0.0147385886104
0.0147301814173
31.3328566436
28.2652602351
32.2205218489
36.0103649488
38.9185294657
31.2689432169
12.8636657357
1.64869061649
0.0316021507422
0.0159384369259
0.0193956985748
0.0182368107144
0.0161573866085
0.0149376377912
0.0144525215404
0.0143312726375
0.014314050625
0.0143752716985
0.0144300697083
0.0145129935679
0.0145710683819
0.0146960174128
0.0149336483843
0.0148110850461
0.0147706128649
0.014740334207
28.6507656805
25.7773930598
29.2887612861
32.8629426697
36.019207436
31.0348138373
15.6840598665
2.79189449773
0.0730350354762
0.0147450629363
0.0189017723452
0.018179103916
0.0162035385172
0.0149662843071
0.0144236824616
0.0142776249989
0.0142482073899
0.0143071881148
0.014363205994
0.0144475217988
0.0145203213162
0.0146627715959
0.014753506742
0.014928459758
0.0148315432555
0.0147810340694
0.0198231811773
26.0418121083
23.4105440186
26.4862303627
29.7724071257
33.0585223112
30.3269472605
17.6302225255
4.18605011279
0.176648349607
0.0140034294801
0.0180514828676
0.0180413836224
0.0162422001731
0.0149947677535
0.0143962758591
0.0142220314737
0.0141828112045
0.014238178257
0.0142947971256
0.0143805123116
0.0144713104125
0.0146184941058
0.0148268234587
0.0239602599359
0.014935815284
0.014803878246
0.0163759308853
0.0685279379933
23.5926043657
21.1896097033
23.9037842197
26.8370058694
29.9828935145
28.8829640819
19.1614449608
5.69076595723
0.412267846298
0.014739378372
0.0174561514646
0.0177744876692
0.0162509470459
0.0150136209136
0.0143658137825
0.0141677105885
0.0141160916493
0.0141686288663
0.0142254176864
0.0143124320739
0.0144217329344
0.0145683565727
0.0150025640942
0.027284262579
0.137884767714
0.0149369215261
0.0160247083915
0.0687526661515
21.3153916731
19.0951827647
21.5332481229
24.1604849532
27.0300129376
26.9065757282
19.7921056145
7.58344206053
0.873436109671
0.0192383063536
0.0163518024009
0.0175028228744
0.0162543907235
0.0150189084
0.0143345988646
0.0141106841076
0.0140492066254
0.0140981853032
0.0141542899788
0.0142446479278
0.0143691667801
0.0145211662101
0.0152410020015
0.0300540783171
0.16568271474
0.105922709998
0.0153210748331
19.1807909129
17.1488871471
19.329871792
21.7189674758
24.3337406641
24.8369073431
19.6635477487
9.48885922301
1.60277922371
0.0305585448813
0.0158876198061
0.0171932241034
0.0162770131323
0.0150137599295
0.0142991064408
0.0140548303179
0.0139797484036
0.0140268809231
0.0140822743634
0.0141761888361
0.0143121999952
0.0144820638546
0.0154421239543
0.0324024743842
0.164059172442
0.122038374408
17.2068840907
15.3858016512
17.3083269641
19.4582426211
21.8604444076
22.7820906471
19.2958996619
10.7546364155
2.62404681654
0.0632404638772
0.0147339274822
0.0167578277966
0.0162614323472
0.015008461124
0.0142705819673
0.0139935285087
0.0139094056111
0.0139539420296
0.0140076696474
0.0141084813001
0.0142496268562
0.0144499261388
0.0155911545378
0.0340307609308
0.157321256205
0.125531714979
15.4267558871
13.8181561224
15.4992277072
17.3964655137
19.5569203093
20.7486996718
18.5376634952
11.8605919234
3.58996162809
0.156162924403
0.0147414793582
0.0164303623684
0.016205875337
0.0150004049903
0.0142406045828
0.0139383013475
0.0138349779733
0.0138793800026
0.0139318342028
0.014038635963
0.0141827672701
0.0144224109455
0.0156881575905
0.0351359218331
0.144913470119
0.122389842675
13.8473200048
12.3983603454
13.8993787908
15.5642182619
17.4651408874
18.7328443886
17.492831783
12.3897857428
4.79901195575
0.361517212859
0.0164690152604
0.0157865723626
0.0161067991726
0.0149842670039
0.0142229670126
0.0138744563531
0.0137621290515
0.0138020311981
0.0138523131839
0.0139688579384
0.0141111756135
0.0143946482281
0.0157543923261
0.0356989435277
0.132370456174
0.115002642034
12.4192257991
11.137174627
12.4567102829
13.9470847543
15.621257155
16.8711552058
16.2308358058
12.3795628082
5.93182441648
0.802728501646
0.0220386181087
0.0154440082788
0.0158650035481
0.014981785554
0.0142044497762
0.013820040673
0.0136844105304
0.0137237983932
0.0137712853404
0.013894687499
0.0140370095825
0.0143646176448
0.0157971592213
0.0359869634988
0.1204652195
0.106153168687
11.1521455076
9.98292020344
11.1791712114
12.4915970344
13.9918969928
15.208552254
15.0160410423
12.1703641966
6.77179931152
1.74995022726
0.0430037474321
0.0145880854321
0.0156452627566
0.0149870982692
0.0141948832405
0.0137577486506
0.0136105485927
0.013642560286
0.0136866441379
0.013820111512
0.0139582858756
0.0143297139797
0.0158288714557
0.0359631847932
0.109671699221
0.0971599409325
9.99389803635
8.99045471055
10.0138620911
11.2046177607
12.5258286847
13.6969999774
13.8368639053
11.8337956139
7.3155465484
2.38272484146
0.101706554827
0.0147708487261
0.0152507489632
0.015013551086
0.0141693194778
0.0137056768584
0.0135332656945
0.0135607450588
0.0136014473933
0.0137397696372
0.0138784634322
0.0142892556974
0.0158484027999
0.0358549018262
0.100022960321
0.0884724669401
8.99874949204
8.06858341752
9.0139945805
10.0330238063
11.2303616774
12.3124629917
12.6654084973
11.3371350949
7.8595581658
3.03558547269
0.194393084355
0.0160567317633
0.0149007891705
0.0149955863467
0.0141516339511
0.013643321062
0.0134577937825
0.0134768426583
0.0135125366537
0.0136602580712
0.0137941697365
0.0142425940303
0.015860437323
0.0356244593047
0.0914398779526
0.080274026073
8.07505035022
7.30142292291
8.08708348175
9.0290349065
10.0535778692
11.0752845191
11.5357302067
10.6929661414
7.98558871897
3.84879877476
0.391392140068
0.0186577116554
0.0147502630947
0.0149408159009
0.0141263272959
0.0136116125668
0.0133817211885
0.0133891618543
0.0134243326466
0.0135735875851
0.0137111525581
0.0141896581062
0.0158590088407
0.0352800239278
0.0838656501548
0.0726346338976
7.30660844222
6.54980625893
7.31640160954
8.09932191862
9.04654607157
9.94320513311
10.4932380176
9.99338579059
7.91964565924
4.33895109819
0.849529287404
0.0275286368452
0.0142650476067
0.0148604782043
0.0141318348051
0.0135780156332
0.0133119483702
0.0133040108055
0.0133293043492
0.0134887969125
0.0136228246644
0.0141320560713
0.0158521657744
0.034918550497
0.0771294074033
0.0655797601162
6.55401310736
5.97273889069
6.5620253745
7.32672044399
8.11484105959
8.96950926339
9.51100025411
9.30238217702
7.74244078086
4.74106060557
1.43675634421
0.0591536811941
0.0141696160254
0.0146162258374
0.0141650979932
0.0135844753757
0.0132399416555
0.013216064601
0.0132407631752
0.0133935611006
0.0135370390206
0.0140679022398
0.0158369457159
0.0344912105305
0.071196297677
0.0591025966093
5.97713876204
5.39983930131
5.98590459755
6.57062554682
7.34102077392
8.06225345398
8.6480565204
8.59573675791
7.48874008832
5.06816436909
2.05827544367
0.126426753055
0.014875433775
0.0141981440939
0.0141803555713
0.013585909347
0.0131793849747
0.013133389375
0.0131424870503
0.0133064594879
0.0134434704914
0.0139998473242
0.0158090875578
0.0340872185286
0.0659364865961
0.0531780336916
5.40230933835
4.9501640082
5.406979188
5.99623555134
6.58308279185
7.30669983155
7.82458261234
7.93931648107
7.14166082549
5.25209613453
2.52839150358
0.265396446182
0.0174862553297
0.0139743884807
0.0141395216979
0.0135570947861
0.0131186506495
0.0130529872625
0.0130536936464
0.0132046049224
0.0133567724791
0.0139245671741
0.0157745411356
0.0336462446082
0.0613346921251
0.047800827447
4.95737651524
5.15129731488
4.97252569493
5.41189537102
6.01431097755
6.55941108843
7.1303901937
7.28211396537
6.76987627851
5.24575662502
2.87631076905
0.47106832554
0.0240653970504
0.0136696281285
0.0140448143314
0.0134918863562
0.013051793175
0.0129742723452
0.0129558823057
0.0131151440647
0.0132582136454
0.0138485549172
0.0157275220533
0.0332527526681
0.0572943073806
0.042922276704
5.15891695451
5.07381968479
5.17381591611
4.99260141294
5.41867434692
6.01503415313
6.42638675153
6.70757540957
6.3609698837
5.18873799723
3.10984290758
0.813326740393
0.0376591555669
0.0137036335924
0.0139399307931
0.0134807154096
0.013025410349
0.0128866931981
0.0128641753202
0.0130098301711
0.0131702767879
0.0137631888641
0.0156764567154
0.0328466762691
0.0538028873077
0.0385518947608
5.07726554902
4.80429314725
5.08387053107
5.19327279503
5.03446881724
5.40275926681
5.93705340899
6.10259817297
5.95740963011
5.06384678554
3.31846435827
1.18329487068
0.0695321119881
0.0140047240588
0.01368490638
0.0134870087458
0.0130229754166
0.0128200901114
0.0127629111791
0.0129178494624
0.0130676122924
0.0136798862421
0.0156119773104
0.0325028252015
0.0507803786375
0.0346325272755
4.80494932433
4.52383502336
4.8063965786
5.09149784404
5.23008757868
5.10043693697
5.32023061166
5.7044385069
5.52659559132
4.86410975981
3.48467025886
1.57544469605
0.142667782664
0.0151978325702
0.0134517640706
0.0134650914605
0.0130073139015
0.0127350277964
0.012683828643
0.012807867888
0.0129779316908
0.0135850074639
0.0155462585609
0.0321526856674
0.0482195667331
0.0311945017568
4.5306079317
4.43183071635
4.545564838
4.80848239749
5.10323522493
5.25823075426
5.13913004209
5.12159284098
5.23770363568
4.66960119782
3.50672387013
1.89081566666
0.263054312571
0.0191384191532
0.0130907448126
0.0134084916061
0.0129496241952
0.0126590287955
0.0125782056501
0.0127202774367
0.0128701095452
0.0134960389139
0.0154680538128
0.0318814128314
0.0460981805882
0.028202774296
4.44557002406
4.45955881838
4.47540429687
4.56699326559
4.81355567427
5.09075741035
5.21356435286
5.09846718316
4.77187819108
4.49392374343
3.55023696465
2.01874109398
0.520160843996
0.0282881267941
0.0130954845534
0.0132745433051
0.012894920027
0.0125844316864
0.0125018397717
0.0125998844557
0.0127815686884
0.0133904875397
0.0153912448087
0.0316174645102
0.0444448284208
0.0256135094081
4.47778558723
4.6636007384
4.51789119317
4.51668958396
4.61636759402
4.82816061195
5.00958931175
5.02112933899
4.88406714729
4.21500364141
3.49023353035
2.28992378299
0.684787215064
0.0540554043043
0.0133459256979
0.0130777211312
0.0128392856368
0.0125355407579
0.0124038617832
0.0125135897247
0.0126652376854
0.0132973879808
0.0153032230732
0.0314464667365
0.0431613646333
0.0234193070174
4.69154455574
4.96697970294
4.75259566737
4.57477761676
4.60787407508
4.72982915799
4.84679296497
4.81475772248
4.54358831283
4.43105466021
3.43455804937
2.29041359966
1.04658393293
0.0835135363114
0.014504975513
0.0129064777955
0.0127571369035
0.0124771034472
0.012332034908
0.0123933820448
0.0125782421733
0.0131789469156
0.0152183080289
0.0312982230386
0.0423073115874
0.0215803432269
4.99784225142
5.62023936943
5.06485042384
4.83796930783
4.70464146833
4.78995657218
4.87714163783
4.83552582935
4.50915996975
3.76976042801
3.6349933921
2.39953569078
1.09892868987
0.146293459267
0.0165272061705
0.0126870485703
0.012685496402
0.0124289674885
0.0122065158244
0.0123039819843
0.0124565804403
0.0130844394204
0.0151268253052
0.0312473167458
0.0417369210142
0.0200857376092
5.65663831974
6.26371419032
5.73514252723
5.15768248769
5.02884386648
5.00193473524
5.05524788771
5.0240975089
4.67861293172
3.92563621424
2.67077335656
2.44547285857
1.2486833867
0.262972775046
0.0198497112474
0.0125821657511
0.0126145048017
0.0123304754191
0.012142158137
0.0121736582062
0.0123664668732
0.0129516134708
0.0150386140499
0.0312666415279
0.0415288702817
0.0189130999505
6.29147787084
6.64900093543
6.35082404354
5.84240741546
5.36275300107
5.43083830342
5.45839989585
5.41720258923
5.17473730892
4.29419406
3.03973281923
1.37922481578
1.06643579683
0.332130068967
0.0325061008865
0.0125749485354
0.0124590214878
0.0122723217293
0.0120183712385
0.0120967219872
0.0122340411132
0.0128562506291
0.0149488788457
0.0313568928609
0.0415796982739
0.0180096421439
6.66465976869
6.6377237839
6.69799114307
6.43051192666
6.07542667992
5.77925365591
5.93878396996
5.99435448637
5.73107055361
5.12734824206
3.48727494089
1.8041198572
0.649477851001
0.251135999224
0.0379764897385
0.0130693504262
0.0122973135098
0.0121221046366
0.011957969795
0.0119584427915
0.0121456321695
0.0127035617167
0.0148568875528
0.0314666065115
0.0417670652092
0.0174201429784
6.64804181905
6.43173057084
6.66981247923
6.74243568109
6.60003446467
6.51870134837
6.30207924301
6.45785126986
6.41304733043
5.72537489261
4.5229611646
2.25155705968
0.886484272285
0.422644868451
0.0733505837622
0.0161249452987
0.0124982135667
0.0121134660339
0.0118132216696
0.0118712937449
0.0119994933546
0.0126107956485
0.0147723253304
0.0317651670555
0.0422212823076
0.0169947537619
6.43368042365
5.96257590617
6.43721971963
6.69833535397
6.83629548087
6.90080944302
7.0091674067
6.81825058351
6.77983955582
6.39644027066
5.04521274551
3.29647546745
1.20852060268
0.538650096364
0.38788743165
0.111725435669
0.0209572453721
0.0124488202078
0.0118120374842
0.0117154282212
0.0119096221005
0.012429250188
0.0146625795446
0.0319115716344
0.0425633206928
0.0168548957403
5.96122674576
5.36226480618
5.95824984678
6.44048532767
6.75705160329
6.99710709966
7.19105358986
7.37283408174
7.1093166568
6.63325134648
5.69425111465
3.75953815582
1.91894393984
0.728337224376
0.402209504676
0.347874203708
0.183063894489
0.0214640492564
0.0122764167841
0.0117334466099
0.0117558710654
0.0123319633353
0.0145738731037
0.0322848524063
0.0432813746061
0.0168723852337
5.36039562316
4.83114171673
5.35619662718
5.95403797955
6.44452793559
6.84459949888
7.14098941205
7.35319557302
7.44971449871
6.95685740788
5.86776561052
4.34612272019
2.38943782889
1.04318848396
0.485287659749
0.33294912671
0.167364643599
0.16711593383
0.0224627852879
0.0123436162967
0.0117767866311
0.0120952758237
0.0144067050353
0.0324189674361
0.043710047507
0.0170691035555
4.83387478197
4.74763817926
4.83992474753
5.35015840063
5.94339918515
6.43073496633
6.88278046617
7.17543820531
7.30644560772
7.14004271824
6.25851978722
4.58437945152
2.79591345747
1.40780398521
0.626236719172
0.292572811286
0.146908256799
0.171759982538
0.0232912679013
0.0123633736705
0.0121405697796
0.0142491993313
0.0324565481444
0.0444392999913
0.0173095139687
4.75520267213
4.94711254196
4.77177608038
4.84865429554
5.33622019688
5.90799240967
6.36696546966
6.79226093554
6.96796939682
6.93471154813
6.45736289496
5.08693106736
3.16880392076
1.6178324667
0.874531816913
0.299593824662
0.145979493425
0.182709034847
0.0245233417165
0.0127131266901
0.0138799812401
0.0321769790434
0.0447573892936
0.0179469082862
4.96077769709
5.38191312422
4.99091989018
4.79508595947
4.86898120508
5.30187612962
5.83067989214
6.2187643871
6.53571104544
6.48818221156
6.23196817458
5.52485362004
3.81813399853
1.96307879896
0.9661624418
0.34347347804
0.150574905081
0.206968326819
0.0316964948175
0.0139580665053
0.0315186248106
0.0454338730081
0.0183218478333
5.39256791953
5.47742848791
5.41559544131
5.03336978299
4.84764095265
4.91792426039
5.24754788528
5.68620361809
5.93182632326
6.07264930315
5.7333411686
5.20195826298
4.48893536296
2.70119550456
1.22482415046
0.384251507305
0.16154569008
0.303793334219
0.0207281240553
0.0292809464624
0.0454960443758
0.0194170540208
5.48436054013
4.95679439905
5.49942261099
5.44747746619
5.12902056728
4.96247450222
4.99658649354
5.17585618538
5.44912374951
5.47607531169
5.36957494664
4.66579212544
3.49829453885
2.8346112993
1.80312158251
0.558932567265
0.206053570698
0.153939164797
0.0281445770524
0.0461301972989
0.0200451572444
4.95851203565
4.96206380699
5.52033514786
5.51812793776
5.33865648228
5.14150727661
5.11142084865
5.10797948218
5.11901595715
4.8148693143
4.34195013103
2.68592337675
2.13150598826
1.03097883105
0.411035304435
0.506302768639
0.0580883896476
0.0438064241866
0.0224097319339
4.96669994358
5.56676275188
5.66464248509
5.6345261653
5.41790859589
5.26439474747
5.04223404642
4.73068231366
3.99082990868
2.34423572361
1.67136448877
0.665068856454
0.297124464575
0.495395648586
0.483171266719
0.0524044095251
0.0230966156475
4.97618673031
5.66265144535
5.85797688685
5.99424068908
5.83699735333
5.53075903115
4.96646028512
4.27180965297
2.14484237617
1.33201272654
0.554032404835
0.321473131169
0.475202990744
0.366171146387
0.428824216769
0.0263659492766
4.98823782164
5.78839837788
6.0805149841
6.35831366685
6.34536740188
6.0289837879
4.93462912488
2.80541524687
1.13318575567
0.620690773767
0.386514739205
0.46922372072
0.357624424906
0.191147334944
0.375565967057
4.98765119399
5.91546364533
6.29736241268
6.65803615825
6.77880693487
6.54516823847
4.60205683799
1.3231201677
0.990284639053
0.787793327754
0.376926423275
0.45560396754
0.337178836344
0.301394620604
0.353374946934
4.95957743986
5.99658269212
6.43832169236
6.79392115855
6.89384627732
6.51427527815
3.38909146843
0.703144083873
0.971018272866
0.973054477572
0.293988189306
0.441990754114
0.301709300317
0.329961400182
0.315966979826
4.88171489171
5.97327481351
6.38876110793
6.66552255235
6.48451488206
5.59212010543
2.17746950482
0.48066211767
1.33336389547
0.803676519344
0.334731652143
0.412092126117
0.2772764529
0.342765808987
4.73024868005
5.79303600921
6.04875371372
6.09915888941
5.45159477029
4.02602088176
1.35846464976
0.402207713593
1.3642136023
0.930141790586
0.424366562535
0.388122345542
0.249017158423
0.342228850473
4.48669505395
5.39930108676
5.39305396689
5.07070543318
3.96988343458
2.42092835821
0.871873175795
0.369032548025
0.791488563226
1.02377372525
0.562753661638
0.330437628238
0.235168250637
0.334117124163
4.138301339
4.78311308445
4.45741598805
3.7707305992
2.45053276791
1.29899045076
0.742404876718
0.315190978848
0.361535107769
0.653033721173
0.939040595825
0.501331476346
0.198159036073
0.323451550685
3.67382458049
3.98030511621
3.3561608829
2.42800097514
1.34417047176
0.895397274389
0.741320393029
0.306547725811
0.331656370775
0.199991800278
0.628548970783
0.71392200084
0.370916823906
0.288103963757
3.09644376082
3.05953243997
2.2627419694
1.38327020229
0.869793408153
0.825391127097
0.726581957713
0.424259457288
0.321126092206
0.193557395022
0.26471148294
0.533133193346
0.638019897076
2.44242015348
2.12140551645
1.35599219068
0.859891775615
0.762676347444
0.798808612123
0.554398535205
0.534911464528
0.28755858009
0.186678782578
0.27996447012
0.500034636949
1.77905676112
1.31828140274
0.828550204544
0.70755971195
0.736680615043
0.614099236312
0.477543704766
0.430526995245
0.27145528613
0.176472478303
0.275238486274
1.18763745453
0.810451446492
0.626155733791
0.668301237003
0.60878233001
0.459583081864
0.384090687993
0.243850567499
0.166159425037
0.270830649929
0.758222196919
0.59406981743
0.567008778322
0.582407942721
0.448488884279
0.342692553516
0.215455876289
0.158597114823
0.257512539115
0.529252192146
0.522994110903
0.515222068118
0.433379309262
0.310433939132
0.189293562167
0.145877369233
0.245340581993
0.432849638033
0.472634983567
0.400832475004
0.280982504183
0.173812792689
0.144762160782
0.227273720719
0.383217298604
0.373555773335
0.257307949125
0.159893967391
0.140853394149
0.162713931804
0.314194140308
0.241486421743
0.154019979519
0.132965853428
0.121200160729
0.213620026582
0.14726698179
0.12922749495
0.0991990774824
0.142669819134
0.124331157515
0.0891007473978
0.120019143735
0.0830122248846
0.0780193320011
)
;

boundaryField
{
    inletfuel
    {
        type            turbulentIntensityKineticEnergyInlet;
        intensity       0.05;
        value           uniform 13.5;
    }
    inletair
    {
        type            turbulentIntensityKineticEnergyInlet;
        intensity       0.05;
        value           uniform 0.015;
    }
    outlet
    {
        type            inletOutlet;
        inletValue      uniform 1;
        value           nonuniform List<scalar> 
26
(
4.95679439905
4.95851203565
4.96206380699
4.96669994358
4.97618673031
4.98823782164
4.98765119399
4.95957743986
4.88171489171
4.73024868005
4.48669505395
4.138301339
3.67382458049
3.09644376082
2.44242015348
1.77905676112
1.18763745453
0.758222196919
0.529252192146
0.432849638033
0.383217298604
0.314194140308
0.213620026582
0.142669819134
0.120019143735
0.0780193320011
)
;
    }
    leftside
    {
        type            kqRWallFunction;
        value           nonuniform List<scalar> 
65
(
0.0685279379933
0.0687526661515
0.0153210748331
0.0160247083915
0.0163759308853
0.0687526661515
0.105922709998
0.122038374408
0.125531714979
0.122389842675
0.115002642034
0.106153168687
0.0971599409325
0.0884724669401
0.080274026073
0.0726346338976
0.0655797601162
0.0591025966093
0.0531780336916
0.047800827447
0.042922276704
0.0385518947608
0.0346325272755
0.0311945017568
0.028202774296
0.0256135094081
0.0234193070174
0.0215803432269
0.0200857376092
0.0189130999505
0.0180096421439
0.0174201429784
0.0169947537619
0.0168548957403
0.0168723852337
0.0170691035555
0.0173095139687
0.0179469082862
0.0183218478333
0.0194170540208
0.0200451572444
0.0224097319339
0.0230966156475
0.0263659492766
0.191147334944
0.301394620604
0.329961400182
0.342765808987
0.342228850473
0.334117124163
0.323451550685
0.288103963757
0.26471148294
0.27996447012
0.275238486274
0.270830649929
0.257512539115
0.245340581993
0.227273720719
0.162713931804
0.121200160729
0.0991990774824
0.0891007473978
0.0830122248846
0.0780193320011
)
;
    }
    burnerwall
    {
        type            kqRWallFunction;
        value           nonuniform List<scalar> 7(11.8090772736 9.67103339742 8.73616893 0.0140846040815 0.0128567059044 0.0118995656275 2.90433360539);
    }
    front
    {
        type            wedge;
    }
    back
    {
        type            wedge;
    }
    reacting_to_fluid
    {
        type            kqRWallFunction;
        value           nonuniform List<scalar> 
22
(
0.167364643599
0.146908256799
0.145979493425
0.150574905081
0.16154569008
0.206053570698
0.33294912671
0.483171266719
0.292572811286
0.428824216769
0.299593824662
0.375565967057
0.34347347804
0.353374946934
0.384251507305
0.411035304435
0.297124464575
0.321473131169
0.386514739205
0.376926423275
0.315966979826
0.293988189306
)
;
    }
    reacting_to_solid
    {
        type            kqRWallFunction;
        value           nonuniform List<scalar> 
22
(
2.8346112993
2.13150598826
1.67136448877
1.33201272654
1.13318575567
0.990284639053
0.971018272866
3.49829453885
0.930141790586
2.68592337675
0.562753661638
2.34423572361
0.501331476346
2.14484237617
1.3231201677
0.703144083873
0.48066211767
0.402207713593
0.369032548025
0.315190978848
0.370916823906
0.306547725811
)
;
    }
}


// ************************************************************************* //
