/*--------------------------------*- C++ -*----------------------------------*\
  =========                 |
  \\      /  F ield         | OpenFOAM: The Open Source CFD Toolbox
   \\    /   O peration     | Website:  https://openfoam.org
    \\  /    A nd           | Version:  10
     \\/     M anipulation  |
\*---------------------------------------------------------------------------*/
FoamFile
{
    format      ascii;
    class       volScalarField;
    location    "0.3/reacting";
    object      N2;
}
// * * * * * * * * * * * * * * * * * * * * * * * * * * * * * * * * * * * * * //

dimensions      [0 0 0 0 0 0 0];

internalField   nonuniform List<scalar> 
1571
(
1.83976470725e-08
1.48295888902e-08
1.82083857059e-06
5.82437764685e-09
2.05501367889e-06
0.000105273527202
1.62780139479e-06
0.00021104743987
0.00407390065446
0.000565339971275
0.0158966543685
0.0103862426033
0.147994054768
0.02956934348
0.0190561416029
0.162759232824
0.582653526543
0.0449596023242
0.0314846593577
0.173461790257
0.532311312462
0.750902186843
0.0654788530462
0.0487724201567
0.196846556833
0.45832805711
0.729316318425
0.767773019117
0.767474524034
0.0930040645097
0.0708595938727
0.224718295746
0.420138569262
0.687276173403
0.759230811185
0.767997754537
0.767964534347
0.767864450712
0.122880160833
0.0976505739345
0.247848668277
0.39755419149
0.65965662476
0.748350620438
0.765382100478
0.767999981619
0.767998580902
0.767986837629
0.76793664593
0.153495453024
0.128422220694
0.267432303454
0.388584426336
0.631756349118
0.738728132087
0.762708936762
0.767288718392
0.767999960469
0.767998987404
0.767992110554
0.767975917295
0.183917584604
0.163184084039
0.284472224616
0.385912849611
0.605605322678
0.726559459098
0.760583472295
0.766300060084
0.76784027306
0.767999955232
0.767999288435
0.767996634799
0.767992949578
0.21435651637
0.200921412001
0.301343758675
0.385801950201
0.581749547806
0.714227631998
0.757671464176
0.765567779839
0.76753716944
0.767962276841
0.767999964205
0.76799964877
0.767998914963
0.767998408997
0.24520621964
0.239205771364
0.319166445845
0.388942541022
0.559900083939
0.701700473096
0.752930445303
0.764970217278
0.76724354295
0.76789783978
0.76799218651
0.76799997985
0.767999870867
0.767999731397
0.767999711168
0.275694938806
0.275849072664
0.337695311592
0.394838597697
0.543005218254
0.687779066328
0.74631434001
0.764214793448
0.767018071074
0.767813005771
0.767976955963
0.767998669749
0.767999991514
0.767999963482
0.767999947221
0.767999956933
0.305349253253
0.310262031539
0.356683434255
0.40261513287
0.529869140036
0.673814575875
0.738089680553
0.763071574036
0.766825617001
0.76772217293
0.767954587675
0.767995736541
0.767999810432
0.767999997239
0.767999991831
0.767999991578
0.767999994651
0.33397083615
0.342460147468
0.37639344668
0.412010665862
0.519937492078
0.660250232597
0.731312107757
0.761752992816
0.766547355958
0.767641349823
0.767929767365
0.76799042826
0.767999361794
0.767999977153
0.767999999291
0.767999998532
0.767999998891
0.767999999441
0.36130770986
0.372491923877
0.396151403231
0.4234714325
0.513231560291
0.647153753988
0.725242162304
0.759937544829
0.766272335929
0.767563999325
0.767903730502
0.767983171263
0.767998392379
0.767999920668
0.767999997659
0.767999999854
0.767999999785
0.767999999878
0.76799999995
0.387493906219
0.400957420606
0.416060654013
0.435884831413
0.510764271044
0.633769328257
0.718624779019
0.757522121238
0.765991510115
0.76748323601
0.7678765648
0.767974589053
0.767996778947
0.767999782177
0.767999991686
0.767999999795
0.767999999976
0.767999999974
0.767999999989
0.767999999996
0.413025845026
0.428351053109
0.436532318628
0.449541233403
0.511037318169
0.621130254979
0.710213767
0.754082109923
0.76559022696
0.767398614664
0.767847942598
0.767964961517
0.767994517887
0.767999512236
0.767999975603
0.767999999258
0.767999999985
0.767999999997
0.767999999997
0.767999999999
0.768
0.43807550738
0.454402110042
0.457358941182
0.464715403405
0.514079884338
0.610895475648
0.700695155472
0.749108089381
0.765024429929
0.767293784669
0.767818345272
0.767954517127
0.767991620633
0.767999067386
0.767999940092
0.767999997704
0.767999999943
0.767999999999
0.768
0.768
0.768
0.768
0.462195025326
0.478556137711
0.477880660478
0.480916509658
0.519756301544
0.602518715007
0.69218786039
0.742558563577
0.764251861371
0.767162230659
0.767782133944
0.767943128551
0.767988114548
0.767998410365
0.767999873118
0.767999993908
0.767999999816
0.767999999996
0.768
0.768
0.768
0.768
0.768
0.484771393542
0.50075521109
0.497447623769
0.497366405417
0.527498935092
0.597292854557
0.68165464175
0.73804410138
0.763368352235
0.766979807859
0.767740999125
0.767931156307
0.767983997024
0.767997510868
0.767999760624
0.767999985885
0.767999999479
0.767999999987
0.768
0.768
0.768
0.768
0.768
0.768
0.505728488507
0.521252596356
0.515990129736
0.513453199039
0.536365630693
0.594909144903
0.672349934278
0.731495991228
0.762433224996
0.76677155387
0.767688554558
0.767917107894
0.767979297958
0.767996340059
0.76799958705
0.767999970776
0.767999998694
0.767999999962
0.767999999999
0.768
0.768
0.768
0.768
0.768
0.768
0.525250539872
0.54024022474
0.533577589224
0.529147038895
0.545913691859
0.595046519215
0.663854799594
0.725008566308
0.760703639258
0.76655781321
0.767627945992
0.767900062903
0.767973843435
0.767994870439
0.767999335208
0.76799994476
0.767999997058
0.767999999898
0.767999999998
0.768
0.768
0.768
0.768
0.768
0.768
0.768
0.543460799748
0.557804091307
0.550221413767
0.5443896117
0.556179672829
0.596717980357
0.657456247022
0.717709343938
0.75792868814
0.766204487477
0.767559149859
0.767880160702
0.767967432196
0.76799304996
0.767998985284
0.76799990291
0.767999993944
0.767999999751
0.767999999993
0.768
0.768
0.768
0.768
0.768
0.768
0.768
0.768
0.560402440068
0.573995480461
0.565894692129
0.559095531263
0.566844317855
0.60000264124
0.652065924577
0.710808665107
0.753760577453
0.76566565803
0.767464766027
0.76785716504
0.767959856015
0.767990812242
0.767998513383
0.767999838972
0.767999988429
0.767999999446
0.767999999982
0.768
0.768
0.768
0.768
0.768
0.768
0.768
0.768
0.767999999996
0.576098326588
0.588826549572
0.580569550653
0.573175627143
0.577707976185
0.604415032104
0.648458389266
0.703223270778
0.747953522919
0.764995472175
0.767312112028
0.767828140776
0.767950933766
0.767988080727
0.767997892021
0.767999745015
0.767999979206
0.767999998855
0.767999999957
0.767999999999
0.768
0.768
0.768
0.768
0.767999999997
0.768
0.768
0.767999999995
0.590533800835
0.602352144641
0.594181750969
0.586548885765
0.588591447925
0.609857560555
0.64675071445
0.696158332296
0.740533060759
0.764006150319
0.767131108325
0.767787471815
0.767939977294
0.767984746191
0.767997085793
0.7679996111
0.767999964469
0.767999997781
0.767999999905
0.767999999997
0.768
0.768
0.768
0.768
0.767999999998
0.767999999996
0.768
0.603744789336
0.614703505374
0.606732790791
0.599095762597
0.599317375914
0.616047356378
0.64698610942
0.690461952144
0.734095592445
0.76285041649
0.766847482458
0.767727887398
0.767925565193
0.767980610082
0.767996046681
0.767999424274
0.767999941759
0.767999995923
0.767999999802
0.767999999993
0.768
0.768
0.768
0.768
0.767999999998
0.767999999997
0.615847362594
0.626013946387
0.618310408417
0.610783529444
0.609665246141
0.622694401163
0.64842992047
0.68650383477
0.728023535163
0.76101903051
0.766522143935
0.767645573013
0.767908268206
0.767975351564
0.767994708644
0.767999167635
0.767999907714
0.767999992839
0.76799999961
0.767999999985
0.768
0.768
0.768
0.768
0.767999999999
0.767999999998
0.626960051065
0.636364209277
0.629003168125
0.621668299327
0.619553637763
0.629484965831
0.650812987672
0.68336112357
0.722975860594
0.757889750185
0.766077347725
0.767546307615
0.767884223059
0.767968783141
0.767992975009
0.767998818232
0.767999857752
0.767999987881
0.767999999269
0.767999999968
0.767999999999
0.768
0.768
0.768
0.767999999999
0.767999999998
0.637149739848
0.645818946321
0.638850072862
0.631801360472
0.628981529703
0.636373026276
0.653778586112
0.681622110032
0.717547905013
0.753069823671
0.765397409606
0.767409520327
0.767852915046
0.767960172849
0.767990724609
0.767998345258
0.767999785554
0.767999980117
0.767999998684
0.767999999937
0.767999999998
0.768
0.768
0.768
0.767999999999
0.767999999998
0.646473836316
0.654484901176
0.647894177294
0.641187427836
0.637925172914
0.643294423736
0.657422324888
0.680928180421
0.712874268245
0.746727332728
0.764512304854
0.767186936045
0.76781189891
0.767948945526
0.767987757834
0.767997704689
0.767999682421
0.767999968202
0.76799999771
0.76799999988
0.767999999995
0.768
0.768
0.768
0.767999999999
0.767999999998
0.655033733475
0.662441109603
0.656226136884
0.649852963565
0.646322998889
0.650113231237
0.661557273005
0.681368655277
0.709324369022
0.740018629626
0.763057645246
0.766904415722
0.767752543874
0.767934318105
0.767983827279
0.767996837429
0.767999535799
0.767999950211
0.767999996127
0.767999999781
0.767999999991
0.768
0.768
0.768
0.767999999999
0.767999999998
0.662903832281
0.669791291769
0.66391064728
0.657875321701
0.654172107693
0.656687134964
0.665914900362
0.682695041507
0.707013454537
0.735618813004
0.761293873043
0.766444110876
0.767658256246
0.7679138614
0.767978606073
0.767995653304
0.767999328703
0.767999923301
0.767999993603
0.76799999961
0.767999999982
0.767999999999
0.768
0.768
0.767999999999
0.767999999998
0.67018328435
0.676572975437
0.671037265525
0.665306562551
0.66152343989
0.662997442152
0.67031559091
0.684462957009
0.70558428992
0.732079808529
0.758723431067
0.765943294457
0.76751831789
0.767887640612
0.767971473168
0.76799404076
0.767999034415
0.767999883432
0.767999989633
0.767999999324
0.767999999967
0.767999999999
0.768
0.768
0.767999999999
0.767999999998
0.676907203029
0.682875192083
0.677636136933
0.672223741521
0.668402845931
0.669062489832
0.67476663174
0.686534041816
0.704875409684
0.728734561611
0.755034067147
0.765415046601
0.767349647851
0.767848019052
0.76796195386
0.767991797568
0.767998617115
0.767999824338
0.767999983458
0.767999998852
0.767999999941
0.767999999998
0.768
0.768
0.767999999998
0.767999999998
0.683161336196
0.688690126923
0.683785974373
0.678650682922
0.674861580746
0.674863900475
0.67925052421
0.6889802687
0.704605439304
0.72603026083
0.750296932808
0.764509997069
0.7671487
0.767797427119
0.767948547438
0.767988691384
0.767998019761
0.767999737069
0.767999973887
0.767999998083
0.767999999895
0.767999999996
0.768
0.767999999999
0.767999999998
0.767999999998
0.688937277058
0.694239564898
0.689477223892
0.684656660344
0.680910731245
0.680412070117
0.683695281411
0.691727885663
0.705039008963
0.723689751785
0.74567228846
0.763137272244
0.766847391986
0.767735904426
0.767931010569
0.767984258937
0.767997169535
0.767999607734
0.767999959125
0.767999996838
0.767999999818
0.767999999992
0.768
0.767999999999
0.767999999998
0.767999999998
0.694456864106
0.699495914699
0.694932009816
0.690230845686
0.686599442607
0.685701897815
0.688075716229
0.694640841329
0.706020285264
0.722264463982
0.742046516897
0.761327597053
0.766405321677
0.767635768434
0.76790874793
0.767978283384
0.767995936406
0.767999416247
0.767999936366
0.767999994837
0.767999999687
0.767999999986
0.767999999999
0.767999999999
0.767999999998
0.767999999997
0.699693895155
0.705126914732
0.700126922481
0.695596144498
0.691914880383
0.690744233475
0.692377830716
0.697679846954
0.707325615744
0.721587471786
0.739561952606
0.759072292556
0.76587170766
0.767490513095
0.767880098869
0.767970335656
0.767994196122
0.767999130148
0.76799990135
0.767999991625
0.767999999469
0.767999999975
0.767999999999
0.767999999999
0.767999999997
0.767999999997
0.705325092563
0.711965677318
0.705758023015
0.700732861675
0.697082382688
0.695527974408
0.696564295179
0.700830765043
0.708935879795
0.721324486828
0.737680964699
0.756208629805
0.765236650989
0.767311127665
0.76783841934
0.767959800149
0.767991772626
0.767998708219
0.767999847295
0.767999986483
0.767999999104
0.767999999957
0.767999999998
0.767999999999
0.767999999997
0.767999999997
0.712205910905
0.717288066404
0.712729448896
0.706363860205
0.70208697513
0.700293592688
0.700638399828
0.703998543913
0.710841108851
0.721477344129
0.736114467244
0.753118689118
0.76446203492
0.767075556314
0.7677843455
0.767945273878
0.767988325685
0.767998089335
0.767999764324
0.76799997824
0.767999998498
0.767999999924
0.767999999997
0.767999999999
0.767999999997
0.767999999996
0.717501701003
0.721783036732
0.717968246547
0.713463656504
0.707708980175
0.705020191277
0.70486827557
0.707222409217
0.712883333462
0.722104058507
0.734840830197
0.750309083835
0.763350133917
0.766796261203
0.767717070143
0.767926311875
0.767983480485
0.767997177107
0.767999636911
0.76799996506
0.767999997488
0.767999999869
0.767999999995
0.767999999999
0.767999999996
0.767999999996
0.721974673566
0.725890752943
0.722393129031
0.718618799035
0.71507566953
0.710611420945
0.709219134854
0.710811400547
0.71516217363
0.722972598576
0.73422934147
0.747962986167
0.761889085488
0.766425376207
0.767614508294
0.767902480958
0.767976996463
0.767995856613
0.767999441909
0.767999943952
0.767999995811
0.767999999774
0.767999999992
0.767999999998
0.767999999995
0.767999999995
0.726061694915
0.729770025113
0.726435441304
0.722978802787
0.720050664784
0.718492125001
0.714761634459
0.714702491284
0.718043663917
0.724264732807
0.733949709216
0.746348171076
0.759965919994
0.76592474078
0.767485128882
0.767873540383
0.767968427937
0.767993981834
0.767999146177
0.767999910339
0.767999993015
0.767999999609
0.767999999986
0.767999999998
0.767999999995
0.767999999994
0.729923314772
0.733450070896
0.730258448859
0.726957675712
0.724287783073
0.723123856442
0.72329816962
0.720185728256
0.721386189211
0.726401410151
0.734266016183
0.745208169269
0.757936300296
0.765298622128
0.76729848917
0.767833781091
0.767957467651
0.767991361823
0.767998702521
0.767999857035
0.767999988382
0.767999999324
0.767999999975
0.767999999997
0.767999999994
0.767999999993
0.73358663968
0.737026680894
0.733885533487
0.7307271648
0.728121812682
0.727096861983
0.727467003114
0.729457522939
0.726824485751
0.729105663413
0.735590739634
0.744579052627
0.756009262786
0.764544466071
0.767063044323
0.767779557967
0.767942848808
0.767987731453
0.767998041843
0.767999772938
0.767999980688
0.767999998834
0.767999999955
0.767999999996
0.767999999992
0.767999999992
0.737145612962
0.740450897621
0.73740520382
0.734303778572
0.731775700738
0.730630106658
0.731074333726
0.733042339523
0.736781140981
0.734516658657
0.737620566334
0.745110857274
0.754387107791
0.763707924016
0.766775712483
0.767708263586
0.767923258428
0.767982685639
0.767997076677
0.767999640941
0.767999967978
0.767999997984
0.767999999921
0.767999999995
0.767999999991
0.76799999999
0.740548253087
0.744164638636
0.740760967878
0.737767330082
0.735240302244
0.734045544715
0.734192958416
0.736178523031
0.739676767801
0.744804013637
0.743006372367
0.746557459848
0.754090248711
0.762632425654
0.766474909266
0.767597589977
0.767897599164
0.767975744765
0.767995667588
0.767999436729
0.767999946926
0.767999996517
0.767999999858
0.767999999993
0.767999999989
0.767999999988
0.744251403171
0.747368165764
0.744440637395
0.741057572398
0.738576265712
0.737258819413
0.737278201078
0.738790263243
0.742236814035
0.747037042229
0.752641247933
0.751713397433
0.755056869317
0.761676772315
0.766145843271
0.767472821145
0.767866700807
0.767966287162
0.767993595588
0.767999116939
0.767999912375
0.767999993962
0.767999999746
0.767999999989
0.767999999986
0.767999999986
0.747435914731
0.749868791518
0.747583756867
0.744704734617
0.741719441838
0.740301242188
0.740102655501
0.741412654087
0.744229405903
0.748838059643
0.754354483353
0.759265193565
0.759115411551
0.76199472163
0.765817952342
0.767359333862
0.767827803379
0.767953879478
0.767990585274
0.767998616941
0.767999854885
0.767999989526
0.767999999539
0.767999999983
0.767999999983
0.767999999982
0.749916945907
0.751729285168
0.750021999666
0.747789506405
0.745292391877
0.743131130515
0.742715225506
0.74370252298
0.746250372316
0.75007181925
0.755190971302
0.760266007317
0.763741019746
0.764046015497
0.765924790629
0.767237502891
0.767785142682
0.767938077008
0.767986263455
0.767997828353
0.767999759009
0.767999981672
0.767999999165
0.767999999972
0.767999999978
0.767999999978
0.751762485399
0.753087207441
0.751835029214
0.750168316729
0.748245436417
0.746533467371
0.745104760441
0.745756445189
0.74786806003
0.751366421838
0.755626275319
0.760404080834
0.764088426639
0.766115241684
0.766561422412
0.767291754292
0.767747295118
0.767918997209
0.767980162112
0.767996593477
0.76799959412
0.767999967547
0.767999998443
0.767999999952
0.76799999997
0.767999999972
0.75310999221
0.754070487363
0.753159808482
0.75193620624
0.750493618896
0.74920851559
0.748242522741
0.747587014236
0.749254040612
0.752248403875
0.756187162627
0.760239675412
0.763936885259
0.766045069824
0.767161231192
0.767440588982
0.767734227003
0.767899618793
0.767971819284
0.767994609647
0.767999309232
0.767999941121
0.767999997071
0.767999999909
0.76799999996
0.767999999964
0.754086479419
0.754836275536
0.754121516259
0.753229405023
0.752161481287
0.751183202084
0.750526781398
0.750348533907
0.750445261033
0.752936546267
0.756414857713
0.760236896457
0.763559399182
0.765812586593
0.766993379534
0.767596288578
0.767720167645
0.767885444485
0.767961313998
0.76799149418
0.767998780582
0.767999889894
0.767999994183
0.767999999826
0.767999999943
0.767999999953
0.754848357349
0.755550579871
0.754874878308
0.754170615379
0.753384745866
0.752642967625
0.752134489389
0.752142234805
0.752727115963
0.753475490947
0.756497240409
0.760004429364
0.763228933545
0.765461902586
0.76679585785
0.767485399036
0.767771304175
0.767846688958
0.767947518549
0.767986388056
0.767997799392
0.767999779084
0.767999987924
0.767999999623
0.767999999914
0.767999999937
0.755561157498
0.756339246919
0.7555844042
0.754912162996
0.754280727479
0.75371942938
0.753312615817
0.753304904974
0.753945927143
0.755223857366
0.756462399415
0.759645805146
0.762786709347
0.765130223529
0.766506116801
0.76736427132
0.767858373583
0.767917147261
0.767976247996
0.767995677586
0.767999530988
0.76799997143
0.767999999152
0.767999999856
0.767999999913
0.756349399534
0.757258806101
0.756371743507
0.755617162342
0.754996173652
0.754521108815
0.754192533751
0.754149856627
0.754621344884
0.755792523615
0.757646994284
0.759220325459
0.762177567143
0.764684546095
0.766213646071
0.76715848485
0.767911953637
0.767953880785
0.767989504592
0.76799879661
0.767999925779
0.76799999757
0.767999999731
0.767999999875
0.75726896212
0.758295172033
0.757291290416
0.756403300043
0.755691190737
0.755182249551
0.754867795776
0.754797708784
0.755116776439
0.756000983257
0.757556446085
0.759804471007
0.761557877455
0.764013155692
0.76584660892
0.766929132652
0.767940485668
0.767974113698
0.767995403946
0.767999733968
0.767999992325
0.767999999324
0.767999999804
0.758304019148
0.75934685304
0.758323491277
0.757322756133
0.75647480473
0.755856763213
0.755456954947
0.755324232503
0.755515149317
0.756162916049
0.757370107013
0.759181093632
0.761553641154
0.763322297889
0.765211435441
0.766658720319
0.767958150022
0.767985064234
0.767998451835
0.76799996012
0.767999997934
0.767999999618
0.759354467543
0.760303822584
0.759371220798
0.75835093417
0.75739385348
0.756636369369
0.756105609717
0.755830878624
0.755888262722
0.756315930447
0.757240606749
0.758696912148
0.760701440574
0.762865737405
0.764518964875
0.766056962991
0.767971327051
0.767992045948
0.767999689203
0.767999987589
0.767999999032
0.76030974038
0.760322796445
0.759394846538
0.758412940059
0.757552754779
0.75688233256
0.756454324318
0.756314286533
0.756556687918
0.757168720978
0.758324406469
0.760008693368
0.763843554951
0.765351895466
0.766142443338
0.767981898364
0.767997169121
0.767999899542
0.767999994778
0.760341207774
0.759448268115
0.758552084797
0.757790095482
0.757229892974
0.756924835287
0.756923670917
0.757344747578
0.758051682528
0.759427086554
0.76449820008
0.765694449776
0.76637618721
0.767990569905
0.767982587702
0.767998839636
0.767999960168
0.760382813112
0.759568148869
0.758760745622
0.758117233446
0.757695313087
0.757546395617
0.757698918424
0.758336168058
0.758962441956
0.76490770628
0.765863995514
0.766495344079
0.767989744521
0.767994018407
0.767983225486
0.767999497454
0.760476557809
0.759747588286
0.759049874473
0.758544606129
0.758290445981
0.758349501782
0.758728950707
0.760010575177
0.76515298885
0.765993787406
0.766596423525
0.767989365495
0.767992957309
0.767995691974
0.767983850777
0.760616944606
0.759994609194
0.759428025569
0.759081931053
0.759021008507
0.759347774262
0.760144579317
0.762350722367
0.765275784185
0.766309268351
0.767015245994
0.767989239875
0.767992497547
0.767994647827
0.767984473356
0.760810624924
0.760315394156
0.759898208033
0.759736248409
0.759888955951
0.760511775565
0.761740262943
0.763687562202
0.765364278833
0.76689950419
0.767542650658
0.767989147057
0.76799220206
0.767994030178
0.767984551549
0.761063496399
0.760713249691
0.760457846795
0.760498399298
0.760877088747
0.761741232787
0.763095271853
0.764577848051
0.765699737541
0.767494172214
0.767956352924
0.767989021452
0.76799193774
0.767993570378
0.761380789287
0.761187366884
0.761103373698
0.761345084242
0.761939099485
0.762960517308
0.764334152868
0.765213746679
0.766503279607
0.766113864832
0.767909601411
0.767987307923
0.767991699261
0.767993176904
0.761766750783
0.761734997069
0.761830870297
0.762260728732
0.763044094219
0.764193967849
0.765320186072
0.76571503694
0.767505323997
0.766831273377
0.76634254624
0.76798115197
0.767991249451
0.767992833275
0.762223112641
0.762353489976
0.762632492367
0.763234429089
0.764187200695
0.765293625466
0.765972984771
0.766065401762
0.767889444621
0.76748737485
0.766883874552
0.766652832279
0.767990036055
0.767992462529
0.762748386926
0.763036075902
0.763497702436
0.764254796782
0.765243817228
0.766061864523
0.766395682008
0.766424513794
0.767861531231
0.767970961689
0.767435596008
0.767034077731
0.766759731472
0.767991901612
0.76333856731
0.76377067143
0.764387334925
0.765227414275
0.766034381511
0.766526463565
0.766691381655
0.766829681374
0.767826334305
0.76795727479
0.767984863241
0.767452929478
0.767090865984
0.763986622938
0.764536716256
0.765243208182
0.766009051221
0.766540133659
0.766821068715
0.766946708442
0.767158328326
0.767800850471
0.767940255139
0.767978036225
0.767451949883
0.764665145605
0.765296962605
0.765974850833
0.766538237222
0.766865276123
0.767044824467
0.767222187431
0.767469265409
0.767774787783
0.76792506162
0.767968317288
0.765337552953
0.765978595962
0.766509403762
0.766885974549
0.767100045834
0.767275835847
0.767488479177
0.767754947625
0.767907420851
0.767957398216
0.765952298392
0.766502040695
0.766875432175
0.767132028182
0.767310707146
0.76750483236
0.767739081389
0.767891373682
0.767944241811
0.766455791404
0.766871044869
0.767135037325
0.767333113728
0.767513965171
0.767726729347
0.767876374467
0.767930064507
0.766832769952
0.767135692742
0.767337163516
0.767519134788
0.767715330525
0.767861105434
0.767915253901
0.767110458464
0.767338351398
0.767515745351
0.767704209708
0.767837447266
0.767889939939
0.76732255845
0.767511744794
0.76769058527
0.76781235281
0.767864294696
0.76749857458
0.767676085082
0.767785779941
0.767837869167
0.767658524401
0.767760431539
0.767809898112
0.767734057869
0.767782481116
0.767754566795
)
;

boundaryField
{
    inletfuel
    {
        type            fixedValue;
        value           uniform 0;
    }
    inletair
    {
        type            fixedValue;
        value           uniform 0.768;
    }
    outlet
    {
        type            zeroGradient;
    }
    leftside
    {
        type            zeroGradient;
    }
    burnerwall
    {
        type            zeroGradient;
    }
    front
    {
        type            wedge;
    }
    back
    {
        type            wedge;
    }
    reacting_to_fluid
    {
        type            zeroGradient;
    }
    reacting_to_solid
    {
        type            zeroGradient;
    }
}


// ************************************************************************* //
