/*--------------------------------*- C++ -*----------------------------------*\
  =========                 |
  \\      /  F ield         | OpenFOAM: The Open Source CFD Toolbox
   \\    /   O peration     | Website:  https://openfoam.org
    \\  /    A nd           | Version:  10
     \\/     M anipulation  |
\*---------------------------------------------------------------------------*/
FoamFile
{
    format      ascii;
    class       volScalarField;
    location    "0.3/reacting";
    object      nut;
}
// * * * * * * * * * * * * * * * * * * * * * * * * * * * * * * * * * * * * * //

dimensions      [0 2 -1 0 0 0 0];

internalField   nonuniform List<scalar> 
1571
(
0.00319250704897
0.00180334709447
0.00192510245996
0.00020482832642
0.00122441986289
0.00169081887951
0.000167401670818
0.00115841237059
0.00157010891877
0.00015237783667
0.00114014765711
0.00137248339198
0.000210904822985
0.000880071523487
0.00112183531446
0.000380772554423
0.000402383721268
0.000798731326282
0.00102747711925
0.000570617980674
0.000189366060052
3.07829889811e-05
0.00079223560298
0.000955517303564
0.000674768754674
0.000429381673644
1.92002843689e-05
1.93884830183e-05
1.89570134248e-05
0.000863778940809
0.000945226351529
0.000973862231783
0.000638693234382
5.59290551065e-05
2.50170823494e-06
2.11202927325e-05
0.000116689662014
0.0001548451804
0.000991850673799
0.00101132924718
0.00113288968571
0.000946494599819
0.00011533304216
6.35923887872e-06
4.47257666664e-06
2.31421917813e-05
0.000141950799514
0.000265608051809
0.000382361046578
0.00113059784213
0.00110199588178
0.00127307921743
0.00107124507888
0.00019887709076
1.22533876598e-05
1.41558574545e-06
5.4489523945e-05
0.000209315411586
0.000297241722949
0.000344164374035
0.000365803684303
0.00128676145764
0.00125573097443
0.00142300404815
0.00119222965454
0.000297847908001
2.25911793939e-05
1.49817926988e-06
9.88770436979e-06
0.000300221073453
0.00032469747972
0.000338699182628
0.000349375694464
0.000353831465926
0.00144306862259
0.00146329381629
0.00158552291565
0.00133519266347
0.000489476680199
4.31342026076e-05
2.02078133875e-06
5.09593710643e-06
9.29544095418e-05
0.000384163746359
0.000335853462953
0.000340878828219
0.000343979986947
0.000343961402878
0.00162393699198
0.00169343753363
0.00174842407136
0.00149911125873
0.000701645636238
8.48343387502e-05
3.85994046134e-06
3.83123657876e-06
4.76581450769e-05
0.000327843110559
0.000353665777411
0.000336805629295
0.000339164531045
0.000339987099586
0.000339576761951
0.00179204867799
0.00186953756155
0.00190674000988
0.00167016921562
0.000957271954483
0.000139227211118
9.13476106874e-06
2.07382081812e-06
3.21382144701e-05
0.000213663191504
0.000373343756138
0.000342616608129
0.000336713747776
0.000337564612689
0.000338103792847
0.000337443567812
0.00197498634935
0.00203267889001
0.0020675584574
0.00184673282399
0.0012119077375
0.000235640302014
2.09333448967e-05
1.64479734129e-06
2.66999767598e-05
0.000148289996117
0.000356727342602
0.000349220253943
0.000338444455355
0.000336339214124
0.000337300880771
0.000336864101793
0.000336263667825
0.00214105082233
0.00222385791053
0.00223491539686
0.00203351090966
0.0014930542007
0.000344414162817
4.06071959013e-05
1.52953265555e-06
2.01729715897e-05
0.000118665584958
0.000321331021335
0.000356610999316
0.000340494423918
0.000336552465458
0.000335098447585
0.000335566494008
0.000335863730525
0.000335580447343
0.00229704287649
0.00238725558494
0.00238682614571
0.0022355843731
0.00176124345639
0.000537239494778
6.0414844369e-05
2.08347062245e-06
1.54313049981e-05
0.000101816751011
0.000282237236338
0.000359333687691
0.000343420108626
0.000337424050842
0.000335678148924
0.000335698518297
0.000335637636812
0.000335492451065
0.000335298497011
0.00244070836668
0.00251601278055
0.00252049549296
0.00239810821443
0.00208000625624
0.000749561421936
0.000104328931413
3.68960129309e-06
1.16339972523e-05
8.95447383002e-05
0.000252318462775
0.000352836325999
0.000346880958818
0.000338400092817
0.000335857133522
0.000335290756401
0.000335451211533
0.000335427982799
0.000335307645975
0.000335063846312
0.00256635483943
0.00264933716413
0.0026432626579
0.00254250192101
0.0022501347992
0.00108117114993
0.000161455509312
7.68556100437e-06
8.82593149423e-06
7.86051473614e-05
0.000223500828461
0.000341333977426
0.000349362811121
0.000339323548062
0.000336126062133
0.000335299457892
0.000334986453236
0.000335388083581
0.000335315559696
0.00033513589578
0.00033507715228
0.00269376039484
0.00279637678482
0.00276440637945
0.00268076778258
0.0024372350136
0.00135842341488
0.000291250120444
1.71418976813e-05
5.36386454908e-06
7.11612369177e-05
0.000203893878141
0.000326769396879
0.000350626930538
0.000340690546929
0.000336462243579
0.00033533298626
0.000334908082379
0.000334992848985
0.000335373896911
0.000335213595619
0.000335152881233
0.000334939870869
0.00283389734676
0.0029385975084
0.00289554982391
0.00280728499514
0.00263406494052
0.0016865059584
0.000402627999126
4.32089357682e-05
3.54493993591e-06
5.83895708896e-05
0.00018867271829
0.000314298121345
0.000350545712538
0.00034204302446
0.000336897876466
0.000335393922662
0.000334835596684
0.000334903618761
0.000334850551199
0.000335355157318
0.000335235519354
0.000335030124137
0.000335102896819
0.00296826488655
0.00306410161174
0.00301768773891
0.00293754665748
0.00278936756259
0.00196909636864
0.000642488679334
6.48962566018e-05
2.87615319723e-06
4.50448532802e-05
0.000168692794299
0.000300991766319
0.000349102304838
0.000343341781686
0.0003373732433
0.000335493298876
0.000334771235634
0.000334812916278
0.000334765516875
0.000335030358878
0.000335369326784
0.000335143652001
0.000335172389193
0.000334933898162
0.0030875780099
0.00317642421317
0.0031275416248
0.00305239109606
0.00293482655478
0.00230069707539
0.000892723278989
0.000127223613593
3.40885573941e-06
3.40961704487e-05
0.000151415961112
0.000286799576711
0.000344903375955
0.000344326344795
0.000337966290627
0.000335613983127
0.000334724722501
0.000334722093767
0.000334679371585
0.000334959753749
0.000334893061515
0.000335332174528
0.000335258819496
0.00033500790667
0.000335093406759
0.00319520824232
0.00327109500663
0.00322767320973
0.00315774781002
0.00305157322626
0.00250704728749
0.00126775810103
0.000211084832765
5.93539729333e-06
2.7695894066e-05
0.000137537545605
0.000270313967017
0.000340649838359
0.000344879761043
0.000338525282634
0.000335783816924
0.000334696283352
0.000334638157967
0.000334596893889
0.000334880039991
0.000334918981227
0.000335164535222
0.000335379721787
0.000335121409203
0.000335107991791
0.000313444436644
0.00328503036141
0.00334689678392
0.00330893343842
0.00325338194118
0.00316530151232
0.00268652126131
0.00160690670598
0.000372234077185
1.35699268745e-05
1.82651355063e-05
0.00012515348588
0.000257746032093
0.000333789286538
0.000345423697177
0.000339130559748
0.000335960376487
0.000334694108605
0.00033456400349
0.000334516131634
0.000334800738776
0.00033499880758
0.000335224754099
0.000309910219437
0.000335316215587
0.000335216699195
0.000317607109716
0.000111767398601
0.00335651135469
0.00340937818091
0.00337273434311
0.00332724981004
0.00326359867652
0.00289531536645
0.00187803294589
0.000579683635025
3.36796038668e-05
9.84274955762e-06
0.000104452258765
0.000243928356113
0.000327786044643
0.000345110380235
0.000339764659587
0.00033618453886
0.000334713208118
0.00033450511334
0.000334446440168
0.00033472166078
0.000335131552853
0.000335083610131
0.000304996040881
0.000121658255222
0.00033541233586
0.000322479954845
9.85547371276e-05
0.000224516172012
0.00341593668721
0.00345860326698
0.0034267691351
0.00338432929302
0.00333125154321
0.00303944519569
0.00220127167234
0.000809100007002
7.99193172772e-05
6.97358596391e-06
7.95384884104e-05
0.000224632789035
0.000320057567336
0.000344462255455
0.000340261565374
0.00033643232356
0.000334759515383
0.000334465418941
0.000334382872922
0.000334666975907
0.000335264747925
0.000334858931432
0.000300190859617
0.000125149082339
0.00020901083615
0.000330894726718
9.74921349876e-05
0.000112077225246
0.00346293639454
0.0034883318314
0.00346977720124
0.00343377382192
0.0033826914824
0.00313563875422
0.00241652942447
0.00113300054085
0.000167704686468
6.31530817827e-06
5.9012586278e-05
0.000204224140142
0.000310200270383
0.000343271038957
0.000340759126848
0.000336696974157
0.000334819699155
0.000334441814433
0.000334334435819
0.000334630973198
0.000335398210777
0.000334600735164
0.000296005794366
0.000128997134026
0.000206514291822
0.000172670063395
9.5327704922e-05
0.00349076459711
0.00350294988342
0.00349407433554
0.00347320918624
0.00342888013413
0.00321972194347
0.00258601373191
0.00147362859041
0.00031968507774
8.96304798627e-06
3.8428304519e-05
0.000186443518118
0.000301240443416
0.000340493268964
0.000341108362312
0.000336986534645
0.00033489430651
0.000334436768254
0.000334288245783
0.000334631913863
0.000335483524424
0.000334402726802
0.000290587829075
0.000132665836366
0.000204554919065
0.000198941538353
0.00350408984078
0.00351061876227
0.00350508822049
0.00349402665428
0.0034652247722
0.00329502999091
0.00277560367122
0.00174097159981
0.000537335782389
1.82335198619e-05
2.4088086272e-05
0.000154781617481
0.000291303319377
0.000338185760726
0.000341374149033
0.000337262117838
0.000334969258203
0.000334437834229
0.000334255490327
0.00033464724121
0.000335536840195
0.000334155070812
0.000284400624496
0.000134771793302
0.000200015452227
0.000204636943444
0.00351118059543
0.00351800894504
0.00351127234668
0.00350301559405
0.00348191765529
0.00335003974881
0.00292400643385
0.00203586224406
0.000755015589168
4.54805689548e-05
1.58365851846e-05
0.00012920166524
0.000274528725675
0.000334037328095
0.000341455348298
0.000337594929873
0.000335051949901
0.000334444591213
0.000334213607459
0.00033468992112
0.000335527031816
0.000333908646311
0.000277259499564
0.000136979426373
0.000195477189431
0.000199515755903
0.00351810038998
0.00351435248463
0.00351740318637
0.0035087574725
0.00348943738803
0.00337842922351
0.00302498002063
0.00226965390894
0.00104348985675
0.000106999336504
1.06511548404e-05
9.93200954944e-05
0.00025602660141
0.000329087736831
0.00034146430846
0.000337887912901
0.000335154918447
0.000334451603893
0.000334178496507
0.000334724982332
0.000335512237492
0.000333464408919
0.000270120716093
0.000137645422324
0.000191116385881
0.000187473709631
0.00351404359419
0.00351047173491
0.00351265144711
0.00351433251656
0.00349626147374
0.0034011728712
0.00309771135022
0.0024108335742
0.0013633595837
0.000237161866627
1.0956230734e-05
6.584828789e-05
0.000235544570595
0.00032203464585
0.000340857545659
0.000338206080184
0.000335269083943
0.000334463346459
0.000334127589019
0.000334772548576
0.000335433489222
0.000332931582929
0.000262732517473
0.000139183286594
0.00018610731893
0.000173047702386
0.00350984679731
0.0034902844
0.00350791322564
0.00350903025206
0.00350197885939
0.00342251802153
0.00316878583663
0.00258867907429
0.00161563116632
0.000520746114281
1.81555903921e-05
4.09375670484e-05
0.000202924594451
0.000316356879656
0.000340116208468
0.000338501870472
0.000335428251046
0.000334484445066
0.000334086788528
0.000334790307458
0.000335360436855
0.000332089624175
0.000255875290424
0.000139540213946
0.000180608519724
0.000158387230194
0.00348952235991
0.00348486540137
0.00348740361844
0.00350388457622
0.00349653405757
0.00343705577018
0.00322654256983
0.00274049187535
0.00182839443007
0.000722446071872
4.18262702203e-05
2.18750948003e-05
0.000167832230363
0.000304201576426
0.000338438808414
0.000338744194992
0.000335598459979
0.000334515400786
0.00033404214186
0.000334815490244
0.000335216989123
0.000331141049182
0.000248932831976
0.000140215845025
0.000174481911397
0.000144225138297
0.00348398507197
0.00345302342872
0.00348169300353
0.00348338414611
0.00349138634718
0.00343834454174
0.00326606049317
0.00285046303891
0.00211019543691
0.000935136917281
8.28988936574e-05
1.44188160942e-05
0.000114952356251
0.000291019593896
0.000336356494506
0.000338899568087
0.000335812133131
0.000334547367228
0.00033400848524
0.000334812905612
0.000335094589571
0.000329826070616
0.000242844617564
0.000140895449503
0.000167922448935
0.000130860239871
0.00345217397497
0.00345659448249
0.00345001623327
0.00347762838096
0.00347160090397
0.0034392970573
0.0032893962833
0.00293344150693
0.00224882397894
0.00124586351201
0.000168156814966
1.47287242918e-05
8.01449194329e-05
0.000259608898072
0.000332885508523
0.000339199805797
0.000336034829357
0.00033459140133
0.000333971675906
0.000334810937024
0.000334895842428
0.000328440970651
0.00023659357712
0.000141544959242
0.000161132137124
0.000118406688882
0.00345564665429
0.0033976489266
0.00345332450723
0.00344629424991
0.003466257982
0.00342576232741
0.00331058898462
0.00300189139133
0.0023969633198
0.00147147442842
0.000369295420033
1.84692064591e-05
6.12423534552e-05
0.000228663665805
0.000326831254447
0.000339345813229
0.000336377793045
0.000334652139341
0.00033394093375
0.000334775840209
0.000334720828691
0.000326671378755
0.000231369135098
0.0001421786591
0.000154241972801
0.00010690601114
0.00339685924836
0.00343471301198
0.00339492364178
0.00344948763735
0.00343609936174
0.00342479346857
0.00331481005602
0.00306368519447
0.00254313472607
0.00168573558501
0.000622882186521
3.52172328623e-05
4.10653946055e-05
0.000205133252257
0.000319482065621
0.000339329759485
0.000336683589947
0.000334766874439
0.000333931341225
0.000334731581731
0.000334448528872
0.000324886745809
0.000226007953234
0.000142885500767
0.000147443144961
9.63471083877e-05
0.00343399133915
0.00333639778732
0.00343222514823
0.00339172783404
0.00343934013988
0.00340006774656
0.00332674399977
0.00310025396898
0.00266206423226
0.00190905029782
0.000891947245969
7.53939841167e-05
2.26137234402e-05
0.000163046405594
0.000311588466365
0.000338573553022
0.000337022457567
0.000334949435291
0.000333938537136
0.000334685479086
0.000334195204698
0.000322708340123
0.000221510758888
0.000143559394073
0.000140887276012
8.66890463411e-05
0.00333537373211
0.0034373999008
0.00333300356692
0.00342930141396
0.00338328330888
0.00340544732346
0.00331617454351
0.00313705765744
0.00274073120445
0.0020879901769
0.00112179370922
0.000160455360751
1.9555427265e-05
0.000103993929245
0.000291841052077
0.000337164869054
0.000337602248686
0.000335185339223
0.00033398129742
0.000334625988929
0.000333847179344
0.000320587278796
0.000216839073664
0.00014440070914
0.000134654561754
7.79232753165e-05
0.00343811108731
0.00365082025112
0.00343950082512
0.00332939467796
0.00342156825305
0.00335505228298
0.00332879149536
0.00315369301317
0.00281757680133
0.00219932976407
0.00133387718567
0.000284258043603
2.17608652193e-05
7.68038569889e-05
0.000250218734564
0.000332910842201
0.000337734722071
0.000335557170832
0.000334046399844
0.000334578017444
0.000333505674893
0.000318096738359
0.000213041358752
0.000145152121091
0.000128912117788
6.99704017279e-05
0.00364977271891
0.00366583030654
0.00364703317982
0.00344108939417
0.00332061530388
0.00339522173245
0.00329157057905
0.00318051811705
0.00287901266003
0.00234255763181
0.00150933642655
0.000493270614281
3.2488228297e-05
5.41716008294e-05
0.000225907826365
0.000326444842652
0.000337962752652
0.00033572819669
0.000334125646519
0.000334528740128
0.000333061425788
0.000315712299964
0.000209021869632
0.00014621839809
0.000123602721227
6.28459320448e-05
0.00366294807309
0.00364706243155
0.00365646853355
0.00364260320661
0.00344373285097
0.00329557391203
0.00333521958411
0.00316899583885
0.0029283018751
0.0024641751633
0.00170201294866
0.000720708662637
5.83857352347e-05
3.79763251028e-05
0.000193653993087
0.000319457210846
0.000338408926667
0.000336164278567
0.00033421384822
0.000334485280835
0.000332640307065
0.000313006732742
0.000205796113029
0.000147032615051
0.00011883918736
5.64567028863e-05
0.00364341387694
0.00360962108511
0.00363551137986
0.00364702367751
0.0036304147464
0.00344090692181
0.00324723430854
0.00321585745974
0.0029592352629
0.00254273045784
0.00189720764283
0.000961780890452
0.00012035245863
3.00809898063e-05
0.000148040744957
0.000308531747391
0.000338513046784
0.000336529643576
0.00033447919124
0.000334435364457
0.000332075538221
0.000310455760472
0.000202389447638
0.00014828582535
0.000114622243995
5.08521337829e-05
0.00361032607624
0.0037300286791
0.00361185179435
0.00362467319149
0.00362443820642
0.00358929996568
0.00341633230441
0.00316405440113
0.00300687613408
0.00262895588047
0.00200231988761
0.00119471946749
0.000217373335745
2.67413491543e-05
0.000115195499198
0.000282576792587
0.000335827739932
0.000337017572931
0.000334659000857
0.000334428717275
0.000331567740294
0.000307628999463
0.000199625011013
0.000149205096283
0.000111124849022
4.59751060079e-05
0.00373144240269
0.00382650613083
0.00373386564211
0.00361391459378
0.00360100776554
0.00356974127824
0.0035010200167
0.00334230701242
0.00303421365029
0.00268798367095
0.00214670821145
0.00131540793713
0.000433564054705
3.44947233868e-05
7.86150577233e-05
0.000261228262065
0.0003320790149
0.000336906695286
0.000334991940004
0.000334343548572
0.000330942485141
0.000304975875861
0.000196813483413
0.000150771151101
0.00010825862044
4.17541591486e-05
0.00382705518696
0.00407544275763
0.00382906057062
0.00373556209612
0.0036183230201
0.00355281727956
0.00346748512806
0.0033237134065
0.00318277816306
0.00277632664512
0.00224532112206
0.00157150472734
0.000570563214954
6.12933772142e-05
5.7536144299e-05
0.000226185117098
0.000326847579366
0.000337447560194
0.000335213541734
0.000334316246989
0.00033032785451
0.000302164548756
0.000194360436248
0.000151866730937
0.000106100857203
3.81772290675e-05
0.00408303475674
0.0043486382596
0.00409874321483
0.00383397930661
0.00373554571998
0.0036231352884
0.00348797544056
0.00330527644707
0.00300643982548
0.00291365962826
0.00237410822741
0.00164828590779
0.000861897262131
9.58252472892e-05
3.98330081387e-05
0.000185088081719
0.000317394905354
0.000337572328597
0.000335725323695
0.000334303579163
0.000329637958926
0.000299452074547
0.000192208284303
0.00015387107514
0.000104560904398
3.51793960867e-05
0.00435365263142
0.00487931485916
0.00436476091623
0.00411837897067
0.00385252213746
0.00371482649217
0.00357982900204
0.00336930728609
0.00305448057651
0.00255377543199
0.00246010402601
0.00178194145187
0.000934607227093
0.000165337116348
3.54112563664e-05
0.000147146812156
0.000301283688124
0.000336799704622
0.000335727221287
0.000334215918284
0.000329005874535
0.000296809206689
0.000190147287028
0.000155186182205
0.000103608767075
3.27429224687e-05
0.00488286588193
0.00531999458703
0.00489099237677
0.00438061434894
0.00415960763102
0.00390955487571
0.00372570927602
0.0035059844684
0.00314710536744
0.00263343070788
0.00192384182651
0.00179321084837
0.00108742757086
0.00030258585127
3.80927583007e-05
0.000105083610925
0.000283799611581
0.000333259807934
0.000336040685311
0.000334173119468
0.000328219511828
0.000294072781367
0.000188205852635
0.000157960518978
0.000103220244824
3.08313073316e-05
0.00532057375209
0.00565012413097
0.00532194676015
0.00490289242127
0.00441728621116
0.00423453627892
0.00399249292608
0.00374028280347
0.00340280353659
0.00280106617385
0.00207391051765
0.00116004646184
0.000923688562103
0.000368556018908
5.42934723501e-05
9.04658674468e-05
0.000254183045766
0.000331016308692
0.000335802566622
0.000334082296899
0.000327549843612
0.000291747125057
0.000186755901454
0.00015963084644
0.000103331071864
2.93584984135e-05
0.00564553453216
0.00568609105022
0.00563545056807
0.00532389098197
0.00493302911574
0.00448441918522
0.00429378909347
0.00403805489445
0.00365563909502
0.00317785400895
0.00228064628581
0.00141285324208
0.000773657896945
0.000292880845309
6.51926182321e-05
6.42235309027e-05
0.000225597518694
0.000321401393019
0.000336104440071
0.000334137827737
0.00032678780365
0.000288990068531
0.000184989777815
0.000162249418837
0.000103682795849
2.83974914436e-05
0.00568053257674
0.00567054477318
0.00566844258604
0.00562112318973
0.00532969906014
0.00499312397672
0.00455287381445
0.00432016254664
0.00400283945533
0.00344756083804
0.00275167917706
0.00166490914283
0.0010334462086
0.000887689424016
0.000185960030115
8.29959524452e-05
0.000202400896113
0.000314598080076
0.00033474424308
0.000333696046287
0.000326255506523
0.000287421139534
0.000184246647397
0.000165359825601
0.000104708638402
2.77040090985e-05
0.00566419422982
0.0055078266822
0.00564973984516
0.00565163885831
0.00558941702844
0.00533418695557
0.0050577410311
0.00458903799043
0.00425198638641
0.00381445334464
0.00303668854877
0.0021927337539
0.00125527025595
0.00109774773935
0.00132458025602
0.000788881700648
0.000291056336552
0.000308870055524
0.000334338436649
0.000333943171994
0.00032552862517
0.000284903299729
0.000182569871286
0.000167274837449
0.000105129733896
2.74759794413e-05
0.005499125059
0.00522742175461
0.00548044176109
0.00562819269092
0.00561496464498
0.00551277073912
0.00530664001693
0.00507775570001
0.00454640046726
0.0040297354617
0.0034258210004
0.00249566284451
0.00168479241158
0.00124063109074
0.000970244930405
0.00133004829741
0.0020588863827
0.000427941666354
0.000340766382888
0.000335180922756
0.000325642755316
0.00028428057491
0.000182905838425
0.000170968058207
0.000107070820682
2.75044557758e-05
0.0052201416092
0.00503504134614
0.00520417525854
0.00545506657066
0.00557860293623
0.0055358050395
0.00539462809271
0.00519060046855
0.00498755005042
0.00439150269681
0.00362268153155
0.00286435525352
0.00198349015752
0.00139086745694
0.000816212487557
0.000224769786239
0.000445618823153
0.00237335639917
0.00048230468171
0.000346257678312
0.000328136461778
0.000283300733395
0.000181436657243
0.000173248658473
0.000107489696622
2.78251003194e-05
0.00503184819598
0.00522037270245
0.00502480736146
0.00518173939252
0.00539839108791
0.00546213013455
0.00541769684246
0.00525978078198
0.0050410475678
0.00473957181459
0.00403448005828
0.00308636122712
0.00225411083559
0.00159539557909
0.000981001333992
0.000210701053423
0.000417499325669
0.00251584649456
0.000505489927941
0.000339966893786
0.000288628688475
0.000184510857242
0.000174909183212
0.000110101444238
2.82169687612e-05
0.0052167812752
0.00550370106067
0.00520884236931
0.00501480392407
0.00513130873457
0.0052706989319
0.00526628797949
0.00518497731438
0.00496027113018
0.00474046337155
0.00445414979192
0.0035154299939
0.00251196951109
0.00174572736566
0.00118597724169
0.000213213915631
0.000416177678228
0.00267967997396
0.000515941669084
0.000302672367083
0.000181610387634
0.000176620258131
0.000110418480463
2.92559761355e-05
0.00550515493951
0.00621843886013
0.00550891275552
0.0051974909724
0.00499215341165
0.0050192871928
0.00507339505129
0.00498312920578
0.00481191758878
0.00444139269384
0.004059077269
0.0040839509313
0.00299129269308
0.0019711422705
0.00126419859906
0.000228294338314
0.000422677381588
0.00293828850703
0.000510096836602
0.000201397719834
0.000176539732969
0.000113998580648
2.98671345757e-05
0.00621763884039
0.00649865944553
0.0062154736498
0.00551466607538
0.00517204873225
0.00493990034302
0.00485251949235
0.00478758076346
0.00456813254544
0.0042350918096
0.00355695283857
0.00263848097959
0.00357134201226
0.00255183545529
0.00152646377458
0.0002414662752
0.000437804793399
0.00332616628152
0.000276950273839
0.000165513144544
0.000115322439937
3.16524202234e-05
0.00649489193195
0.00659477474917
0.00648682730167
0.00621202159426
0.0055291727176
0.0051118247925
0.00484626269206
0.0046202882558
0.00438513355547
0.00396605351863
0.00335241523884
0.00219514138758
0.000563211661606
0.00250595498283
0.00210330843956
0.000478182877939
0.000494450570884
0.00134615971937
0.000183062858441
0.00012081003905
3.26762407858e-05
0.00659364817601
0.00659118853237
0.00647596354652
0.00620411274401
0.00556639382106
0.00504244820042
0.00469024533344
0.00430769653562
0.00383115580911
0.00309891947982
0.0020654358739
0.000493502669299
0.00217304582631
0.00122136379894
0.000882609587347
0.00282807883698
0.000369883604961
0.000122878907659
3.65307072667e-05
0.00658766159586
0.00645327298101
0.00618132024513
0.00561584684613
0.00498185059357
0.00445642325343
0.00386522469725
0.00308948491504
0.00193537957126
0.000461045184831
0.00192425363999
0.0010145167488
0.000750402797809
0.00219240235287
0.000508851109152
0.000158741783608
3.76502475955e-05
0.00657949226194
0.00641294375347
0.00613352981999
0.00566097701653
0.00495821839192
0.00419742765281
0.00326123025598
0.00212187110781
0.000441001539636
0.00171784003995
0.00101705361927
0.000780542472707
0.00154096230147
0.00100508179489
0.000479382118814
4.29781056256e-05
0.00655969358305
0.00637790856718
0.00606578214082
0.00565404617946
0.00495652754503
0.00401679597555
0.00259472732301
0.000916158930477
0.00158445015413
0.00127468336906
0.000855870353215
0.00128858482979
0.00050436435258
7.33495178678e-05
0.000448626161519
0.00652189210888
0.00634177035806
0.00601605839129
0.00555332395814
0.00490498649971
0.0039530907532
0.00204602824027
0.00208102359939
0.00148117731946
0.00173234411951
0.000845188607109
0.00120330655916
0.000369019438191
9.20696091986e-05
0.000435170458712
0.00646070750587
0.00627944131654
0.00598508337429
0.00535987856869
0.00466578087742
0.00389258780637
0.00180043861347
0.00151704057083
0.00146669140165
0.00177459327154
0.000746434373718
0.00114250651663
0.000281501624545
9.63314076437e-05
0.000411492876587
0.00635210693354
0.00618633615848
0.00591060090895
0.00523372934922
0.00436567967544
0.00367005630371
0.00160508204769
0.00125427695538
0.0020935704466
0.00112316912985
0.000511778992074
0.00103400126797
0.000239977011032
9.81835987869e-05
0.00616379021005
0.00605083455729
0.00566134546669
0.00498115805454
0.00398725416653
0.00321397112613
0.00153352477661
0.00114735775438
0.00206555792698
0.000596405658852
0.000692689549402
0.000967831878301
0.000203475800809
9.81067203526e-05
0.0058939021603
0.00579962796945
0.00526099783998
0.00450612873491
0.00343884841433
0.00259824904639
0.00160182238501
0.00109902232702
0.00134214626747
0.00165691400028
0.000463902639654
0.000809349758274
0.000185224722596
9.69370396686e-05
0.0055643046543
0.00540678482586
0.00472232910848
0.00386107233067
0.00277523632123
0.00211823562926
0.00182069496862
0.00101568934471
0.000870486753342
0.00127608803763
0.00153760981451
0.000437854580656
0.000145174750087
9.53772760222e-05
0.00516565718129
0.00487403893663
0.00405847778739
0.00308191290307
0.00222414361623
0.00211427184483
0.00178783344302
0.00100166562006
0.000797376912273
0.000184431798063
0.00129976205019
0.00132396853472
0.000376621987821
9.001496528e-05
0.00468026402236
0.00421154038713
0.00333912869042
0.00242841992551
0.00211590713983
0.00208971010973
0.00152264892604
0.00061231591888
0.000812833530565
0.000169763635519
8.62832517747e-05
0.00129385993714
0.00126507510631
0.00411007477271
0.00345793424314
0.00263410163875
0.00218432822675
0.00210508645381
0.00187275034842
0.00105685765282
0.001184403512
0.000747089594397
0.000165049427343
8.87343232218e-05
0.00129193998514
0.00349505191288
0.00274659856237
0.0022553779449
0.00216076853849
0.00194589212886
0.0013879703834
0.00121453596989
0.00123410630978
0.000753797830979
0.00014692673598
8.79821899137e-05
0.00289603933562
0.00230887785638
0.00214396071841
0.00204208359781
0.00160546494548
0.00130641839778
0.00120964259341
0.000699542452206
0.000139096895105
8.72748570353e-05
0.00241296371612
0.0021738312223
0.00203475114405
0.00177267876993
0.00140585015475
0.00117350002365
0.000623062187284
0.000131098889918
8.51019581464e-05
0.00216082292489
0.00206574853578
0.00183736578107
0.00148898631665
0.00114877676442
0.000556218748007
0.000116545787468
8.30663483209e-05
0.00198861914131
0.00186435904967
0.00154064613669
0.00110530104034
0.000553145856465
0.000171835357684
7.99493587012e-05
0.00179202755543
0.0015554473325
0.00110501296989
0.000539526142768
0.00023355196333
0.000264975509796
0.00152501148711
0.00109794096952
0.000572328162135
0.000257539908914
0.000197331257617
0.00110366182596
0.000571192617003
0.000275598748609
0.00016147629844
0.000616452231124
0.000275343644686
0.000145006149287
0.000280928839871
0.000135067653098
0.000126915122367
)
;

boundaryField
{
    inletfuel
    {
        type            calculated;
        value           uniform 0.0100623058987;
    }
    inletair
    {
        type            calculated;
        value           uniform 0.000335410196625;
    }
    outlet
    {
        type            calculated;
        value           nonuniform List<scalar> 
26
(
0.00659477474917
0.00659364817601
0.00659118853237
0.00658766159586
0.00657949226194
0.00655969358305
0.00652189210888
0.00646070750587
0.00635210693354
0.00616379021005
0.0058939021603
0.0055643046543
0.00516565718129
0.00468026402236
0.00411007477271
0.00349505191288
0.00289603933562
0.00241296371612
0.00216082292489
0.00198861914131
0.00179202755543
0.00152501148711
0.00110366182596
0.000616452231124
0.000280928839871
0.000126915122367
)
;
    }
    leftside
    {
        type            nutkWallFunction;
        Cmu             0.09;
        kappa           0.41;
        E               9.8;
        value           nonuniform List<scalar> 
65
(
0
0
3.68128123535e-06
4.02713778067e-06
4.19651000025e-06
0
0
0
0
0
0
0
0
0
0
0
0
0
0
0
0
0
0
0
0
0
0
0
0
0
0
0
0
0
0
0
0
0
0
0
0
0
0
0
8.98591534715e-08
3.15591217168e-06
3.83996926798e-06
4.13521713034e-06
4.12285620988e-06
3.93623174563e-06
3.68686069515e-06
2.82480688875e-06
2.21998961261e-06
2.61604741835e-06
2.49370878468e-06
2.3777805921e-06
2.02344185432e-06
1.68994965099e-06
1.177581623e-06
0
0
0
0
0
0
)
;
    }
    burnerwall
    {
        type            nutkWallFunction;
        Cmu             0.09;
        kappa           0.41;
        E               9.8;
        value           nonuniform List<scalar> 7(0 0 0 0 0 0 1.70750068581e-06);
    }
    front
    {
        type            wedge;
    }
    back
    {
        type            wedge;
    }
    reacting_to_fluid
    {
        type            nutkWallFunction;
        Cmu             0.09;
        kappa           0.41;
        E               9.8;
        value           nonuniform List<scalar> 
22
(
5.11974178283e-05
4.72608931685e-05
4.70315409864e-05
4.79327065611e-05
5.00367975156e-05
5.77244907255e-05
2.02794100337e-05
5.94956228259e-05
1.7795525847e-05
5.54875129609e-05
1.77318896953e-05
5.13480943829e-05
1.90462452807e-05
4.95402250817e-05
2.02042507052e-05
0.000105630993499
8.85657135996e-05
9.24728075619e-05
0.000102257211933
0.000101315476494
4.64144638435e-05
8.95561362925e-05
)
;
    }
    reacting_to_solid
    {
        type            nutkWallFunction;
        Cmu             0.09;
        kappa           0.41;
        E               9.8;
        value           nonuniform List<scalar> 
22
(
0.000302812038726
0.000263123368017
0.000233047750587
0.000207769428064
0.000191252474645
0.000178350785177
0.000176537872402
5.61403375394e-05
6.18549751114e-05
4.59610426114e-05
4.29203734997e-05
4.10974682897e-05
3.91689499545e-05
3.80443565727e-05
0.00025205200499
0.000182751298951
0.000149525284475
0.000135810448417
0.000129586274264
0.00011872648614
3.01010405826e-05
0.000116924545602
)
;
    }
}


// ************************************************************************* //
