/*--------------------------------*- C++ -*----------------------------------*\
  =========                 |
  \\      /  F ield         | OpenFOAM: The Open Source CFD Toolbox
   \\    /   O peration     | Website:  https://openfoam.org
    \\  /    A nd           | Version:  10
     \\/     M anipulation  |
\*---------------------------------------------------------------------------*/
FoamFile
{
    format      ascii;
    class       volScalarField;
    location    "0.3/reacting";
    object      O2;
}
// * * * * * * * * * * * * * * * * * * * * * * * * * * * * * * * * * * * * * //

dimensions      [0 0 0 0 0 0 0];

internalField   nonuniform List<scalar> 
1571
(
3.41736133975e-09
2.57404734918e-09
3.8004246328e-07
4.24496991631e-10
4.22278462024e-07
2.406409151e-05
2.47281651658e-07
4.97409205942e-05
0.000970360466299
0.000134170044219
0.00397079081192
0.00125778021095
0.0382966631928
0.00338921163824
0.00115878154268
0.0162671292052
0.159539511736
0.00222596599119
0.00095084544395
0.00632226699321
0.0497145645285
0.21164260872
0.00135761303867
0.000700745081387
0.00239901830352
0.0132577765133
0.062056095492
0.231697171343
0.230263905416
0.000792259491657
0.000470666016069
0.000985676935795
0.00369160309527
0.0136111401669
0.15508906508
0.231996334091
0.231919711648
0.231065034858
0.000445354551745
0.000293668981894
0.000425671971611
0.00120883500715
0.00366309020698
0.0542898520513
0.206767660148
0.231999946821
0.231996321051
0.231928173249
0.231454057353
0.000243887466269
0.000173300439031
0.000197237523853
0.000468851562421
0.00142207505235
0.0172327068295
0.177949862766
0.225112219599
0.23199986284
0.23199477369
0.231938027582
0.231778962523
0.000132618153617
9.85701942135e-05
9.93789139304e-05
0.000214016605548
0.00085960439553
0.0100974585996
0.156174100858
0.21457102118
0.230449294391
0.231999763379
0.231994818991
0.231970594662
0.231933407476
7.32238146452e-05
5.50710353957e-05
5.67528055529e-05
0.000113049184063
0.000506927902966
0.00830828743386
0.127773470834
0.206659427998
0.227302356606
0.23163198363
0.231999751838
0.231997089335
0.231990058032
0.23198473527
4.24526054436e-05
3.15894207955e-05
3.89859329511e-05
7.64363114272e-05
0.000303346645277
0.00412805359554
0.0830260688538
0.200244750748
0.224184628613
0.230972209915
0.231923404861
0.231999840376
0.231998859848
0.231997475181
0.231997199957
2.73609673982e-05
1.99768590252e-05
3.31214824622e-05
6.75113440331e-05
0.000255220773927
0.00233778120284
0.025842920106
0.192214204055
0.22176091249
0.230087221265
0.231769123171
0.231986903467
0.231999927684
0.231999665857
0.23199949592
0.231999579308
2.06864414788e-05
1.49776145166e-05
3.15812591018e-05
6.94198077695e-05
0.000258443013132
0.00225589887645
0.0145354782746
0.180298115485
0.219683368297
0.229129362709
0.231538687351
0.231957354137
0.231998126487
0.231999975422
0.231999923564
0.231999918676
0.231999947437
1.8111140603e-05
1.34003270731e-05
3.08283855286e-05
6.8570496046e-05
0.000267256337805
0.00232010264964
0.0159200664919
0.167321726502
0.216711451874
0.22826975945
0.231280069707
0.231903154904
0.231993617212
0.23199977342
0.231999993509
0.231999986054
0.231999989207
0.231999994477
1.74584608054e-05
1.38716149767e-05
3.02209515396e-05
6.38676501437e-05
0.000235618347784
0.00222883635322
0.0160853971578
0.149513330526
0.213811834229
0.227443625409
0.231006635542
0.231828343615
0.231983768969
0.231999206014
0.231999976716
0.23199999864
0.231999997937
0.231999998806
0.231999999508
1.84417487152e-05
1.64970417651e-05
3.15280155609e-05
5.89172877832e-05
0.000191854844722
0.00162694681356
0.0142590470898
0.126157498467
0.210865357506
0.226582061
0.230719740323
0.231739206792
0.231967244738
0.231997802775
0.231999916686
0.231999997955
0.23199999977
0.231999999749
0.231999999889
0.231999999962
2.19367395195e-05
2.20373315713e-05
3.69366697509e-05
5.90668795355e-05
0.000161538855315
0.00104830639489
0.00905854593405
0.0938106630488
0.206680213083
0.22568095671
0.230416441463
0.231638614513
0.231943936817
0.231995048639
0.231999753918
0.231999992555
0.231999999846
0.231999999968
0.231999999975
0.231999999991
0.231999999998
2.88643006704e-05
3.02196633093e-05
4.71559916872e-05
6.7477494044e-05
0.000154446049587
0.000806238669632
0.00489811297565
0.0506899026921
0.20077425236
0.22456988874
0.230102189701
0.231528972361
0.231913909014
0.231990484085
0.231999392379
0.231999976828
0.231999999429
0.23199999999
0.231999999996
0.231999999998
0.231999999999
0.232
3.83131370812e-05
3.92323965958e-05
5.91949331343e-05
8.29552080743e-05
0.000170774615759
0.000730960929529
0.00401444577307
0.0216500722503
0.192704564345
0.223178716985
0.229717967512
0.231408999625
0.231877405442
0.231983709885
0.231998707068
0.23199993822
0.231999998143
0.231999999962
0.231999999999
0.232
0.232
0.232
0.232
4.77708818319e-05
4.84154714726e-05
6.89670150959e-05
9.77310986916e-05
0.000199264776131
0.00076647475784
0.00377201181232
0.0200411763198
0.1838667868
0.221251528127
0.22928154846
0.23128251287
0.231834369887
0.231974396785
0.231997550955
0.231999856259
0.231999994715
0.231999999872
0.231999999998
0.232
0.232
0.232
0.232
0.232
5.70001121678e-05
5.90616306534e-05
7.78190480468e-05
0.000105784410055
0.000215265710482
0.000811919474899
0.00392209512348
0.0200970650049
0.174513861312
0.21906526895
0.228725590567
0.231133872109
0.231785093465
0.231962229809
0.231995760254
0.231999701284
0.231999986699
0.231999999613
0.231999999992
0.232
0.232
0.232
0.232
0.232
0.232
6.79359842347e-05
7.29753097368e-05
8.92391714039e-05
0.000112730029448
0.000211113693967
0.000762680263401
0.00373014536559
0.0203233501309
0.157938124651
0.216833058795
0.228083927378
0.23095339097
0.231727736564
0.231946907561
0.231993153185
0.231999433503
0.231999969937
0.231999998957
0.231999999976
0.232
0.232
0.232
0.232
0.232
0.232
0.232
8.25760637489e-05
8.99208941749e-05
0.00010547457004
0.0001244180081
0.000209333767468
0.000641619615327
0.00299226300613
0.0174680096034
0.132429472013
0.213181494537
0.227357777296
0.230742607123
0.231660171498
0.231927871835
0.23198951955
0.231999001366
0.231999937936
0.231999997457
0.23199999993
0.231999999999
0.232
0.232
0.232
0.232
0.232
0.232
0.232
0.000100192345756
0.000108181005697
0.000124428069456
0.000142868906221
0.000220424689566
0.000579785252022
0.00213162135172
0.0118813327014
0.0957309088201
0.207618044764
0.226366323637
0.230499228702
0.231580205497
0.231904413183
0.231984605484
0.231998339226
0.231999881079
0.231999994321
0.231999999816
0.231999999996
0.232
0.232
0.232
0.231999999999
0.232
0.232
0.232
0.231999999976
0.000118724071442
0.000127082659577
0.000143308147054
0.000163247918985
0.00024366936178
0.000579879391507
0.00179863484578
0.00740884201196
0.0495364011077
0.200670194274
0.22476718019
0.230192637619
0.231485944489
0.231875714695
0.231978118331
0.231997363599
0.231999785739
0.231999988239
0.23199999956
0.231999999988
0.232
0.232
0.232
0.231999999999
0.231999999983
0.232
0.232
0.231999999974
0.000137685448126
0.000148044996964
0.000162200571454
0.000181878578778
0.000265479075218
0.000610760234719
0.00174911149942
0.00634190449544
0.0269797679857
0.190488573033
0.222869546528
0.229763962308
0.231370179712
0.231840617984
0.231969681382
0.231995969611
0.231999633007
0.231999977149
0.23199999902
0.23199999997
0.231999999999
0.232
0.232
0.231999999999
0.231999999988
0.23199999998
0.232
0.000158878009218
0.00017332936651
0.000183816899549
0.000200106355378
0.000281029053307
0.00061607905998
0.00175765508776
0.00620200661531
0.0259341021024
0.179175912265
0.219896916577
0.22913662562
0.231217995038
0.231797028399
0.231958784714
0.23199402036
0.23199939709
0.231999957919
0.231999997958
0.23199999993
0.231999999998
0.232
0.232
0.231999999999
0.231999999991
0.231999999985
0.000184698085576
0.00020226360049
0.000210788314345
0.000222090378544
0.000295964986665
0.000600950206389
0.0016088585193
0.00583914073638
0.0251480834928
0.162126695316
0.216508673127
0.228270460067
0.23103545194
0.231741568944
0.231944728309
0.231991337016
0.231999042637
0.231999925921
0.231999995976
0.231999999844
0.231999999996
0.232
0.232
0.231999999999
0.231999999992
0.231999999988
0.00021408099125
0.000232591259542
0.000241064846922
0.00025059895115
0.000318085478095
0.000593282235716
0.00143313888053
0.00464522770625
0.0217114604755
0.134817916784
0.211917619639
0.227227694303
0.230781894757
0.231672269874
0.231926489835
0.231987676704
0.231998521382
0.231999874378
0.231999992442
0.231999999673
0.23199999999
0.232
0.232
0.231999999999
0.231999999993
0.23199999999
0.0002445406695
0.000264166636466
0.000271680370109
0.00028186014621
0.000349757878794
0.000610315534416
0.00133299850129
0.00374564877826
0.0146201056591
0.0947822776534
0.204952883064
0.225796220765
0.230452057799
0.231581429993
0.231902789258
0.23198271337
0.231997766675
0.231999793499
0.231999986365
0.23199999935
0.231999999977
0.231999999999
0.232
0.231999999999
0.231999999993
0.23199999999
0.000276173831198
0.000300206059563
0.000303348920269
0.00031231872381
0.000382311369635
0.000646011282384
0.00132339705554
0.00333292896214
0.0108109380101
0.0501048015741
0.195862779482
0.223473349607
0.230020753853
0.231463015217
0.231871520786
0.231975981439
0.231996686667
0.23199966915
0.231999976229
0.231999998762
0.231999999952
0.231999999999
0.232
0.231999999998
0.231999999993
0.231999999991
0.000312503186809
0.00034247160439
0.000340279622182
0.000343787922909
0.000411232007714
0.000672726064639
0.00134723519803
0.00321453098201
0.00951108364335
0.0342451148803
0.181401353705
0.220519970161
0.229397851234
0.231308862545
0.231830077905
0.231966856045
0.231995148745
0.231999481046
0.231999959725
0.231999997724
0.231999999905
0.231999999997
0.232
0.231999999998
0.231999999993
0.231999999991
0.000355245682378
0.000391979915624
0.000384043707635
0.000381466898298
0.000441503590231
0.000688079772272
0.0013241911818
0.00312310537621
0.00888818758222
0.0313152442984
0.16495759318
0.215717563161
0.22840877571
0.231093539873
0.231775026199
0.23195438511
0.23199297338
0.231999199235
0.231999933374
0.231999995945
0.231999999817
0.231999999994
0.232
0.231999999998
0.231999999992
0.23199999999
0.00040525867124
0.000446338490218
0.000435124323379
0.000426593372728
0.000480572522513
0.000709704176239
0.00128064353411
0.00285625933778
0.00803493593744
0.0282918929248
0.142258404365
0.210520381944
0.226940747018
0.230817785894
0.231699848549
0.231937391885
0.231989878373
0.23199878106
0.231999891846
0.231999992958
0.231999999659
0.231999999988
0.231999999999
0.231999999998
0.231999999992
0.23199999999
0.00046003749694
0.000507531211966
0.000490778764568
0.000479061860786
0.000528524328884
0.000749520046751
0.00126974915947
0.00260129381855
0.00671755720064
0.0230705916545
0.111939317271
0.205073331184
0.225171670323
0.230401301892
0.231599570756
0.231913747022
0.231985485377
0.231998160402
0.231999827152
0.231999988024
0.231999999383
0.231999999976
0.231999999999
0.231999999997
0.231999999991
0.231999999989
0.000521597941358
0.000575019077369
0.00055309836421
0.000535817412976
0.000583758787701
0.0008015833288
0.00130241450143
0.00249012613123
0.00575272986741
0.0173228062241
0.0771353803034
0.19588643373
0.223065287154
0.229869463983
0.231458421556
0.231881005945
0.231979192514
0.231997242728
0.231999726738
0.231999979977
0.231999998906
0.231999999956
0.231999999998
0.231999999997
0.23199999999
0.231999999988
0.000589625800709
0.000679507316202
0.000622295722465
0.000599072336833
0.000642591946707
0.000859840578954
0.00135115589936
0.0024856853135
0.00535292492179
0.0140821794524
0.0484350506649
0.182313675649
0.219917668825
0.229222941261
0.231273819478
0.231834294838
0.231970231771
0.2319958814
0.231999571672
0.231999966932
0.231999998096
0.231999999919
0.231999999997
0.231999999996
0.231999999989
0.231999999987
0.000695884282596
0.000863882438559
0.000732510513599
0.000669870061011
0.000707550706261
0.0009199911307
0.00140159204411
0.00249296412742
0.00519922175354
0.0128062505807
0.0387331106936
0.164899629683
0.215299167024
0.2281713584
0.231039527328
0.231771330572
0.231957232881
0.231993864343
0.231999332331
0.231999945924
0.231999996728
0.231999999854
0.231999999995
0.231999999996
0.231999999987
0.231999999986
0.000884994862323
0.00149751958009
0.000932226383673
0.000785825667425
0.000781817382537
0.000985533546031
0.00145173966361
0.00248977077567
0.00500856713975
0.0120274493258
0.0349143761494
0.144609046496
0.209749035888
0.22664494272
0.230738066957
0.23168759811
0.231938886116
0.231990849054
0.231998963734
0.231999912176
0.231999994437
0.231999999742
0.231999999991
0.231999999995
0.231999999986
0.231999999984
0.00153947170023
0.00378060036173
0.00163330202603
0.00100105789783
0.000911194021794
0.00106648468703
0.00150714429593
0.00248808229477
0.00478788248302
0.0110199563835
0.0313658915797
0.120455316352
0.203196001846
0.224760216361
0.230299451064
0.23157661419
0.231913336164
0.231986400575
0.231998394279
0.231999858086
0.231999990608
0.231999999547
0.231999999985
0.231999999994
0.231999999984
0.231999999982
0.0039134841275
0.00572529874149
0.00421058798433
0.00177024648751
0.00116268675679
0.00123004013493
0.00159447375589
0.00249694197818
0.00459832378509
0.00999052000063
0.0270997075029
0.0961838082065
0.195313662843
0.222286543083
0.229730310348
0.231423600287
0.231876998092
0.231979874049
0.23199751968
0.231999771287
0.231999984234
0.231999999209
0.231999999973
0.231999999993
0.231999999981
0.231999999979
0.00588162496044
0.0073920274286
0.00622928806943
0.00464615615546
0.00209022319066
0.00157425301215
0.0018200038181
0.00258262315871
0.00445249749301
0.00917193669364
0.0229228006185
0.0752793076835
0.184210323083
0.219354994303
0.22902196053
0.23122384338
0.231825921653
0.231970252895
0.231996176025
0.231999632409
0.231999973604
0.231999998627
0.231999999952
0.231999999992
0.231999999978
0.231999999976
0.00755972423421
0.00893762749326
0.00793254276585
0.0067310193705
0.0056549641499
0.00290382850639
0.00233695209441
0.00292081477482
0.00450562707098
0.00855700333967
0.019937864896
0.0585545069958
0.169928888652
0.215473836103
0.227941772368
0.230972710796
0.231757565409
0.231956324848
0.231994118974
0.231999409852
0.231999955942
0.231999997621
0.231999999916
0.23199999999
0.231999999975
0.231999999973
0.00911350018334
0.0105438789841
0.00950396827885
0.00847054263723
0.00788271712471
0.00818173047673
0.00440937060111
0.00375628339962
0.00505576672424
0.00848140351206
0.0179250089574
0.0475302587335
0.151519047804
0.210245680239
0.226579533671
0.230667597173
0.231667217695
0.231936548806
0.231990998685
0.231999055274
0.231999926474
0.23199999589
0.231999999851
0.231999999987
0.23199999997
0.231999999968
0.0107285500104
0.0122618078292
0.0111386250905
0.0100652196195
0.00971842211154
0.0107062023288
0.0127538345939
0.00719549290052
0.00646776667068
0.00943561910703
0.017413156092
0.0417724746575
0.132659727078
0.203741122237
0.224613882923
0.230248447552
0.231551622699
0.231908908428
0.231986316857
0.23199849278
0.231999877598
0.231999992889
0.231999999738
0.231999999982
0.231999999965
0.231999999962
0.0124605154257
0.0143670454085
0.0129025378436
0.0117284795701
0.0113606200022
0.0127547697294
0.0156352743938
0.0208781413782
0.0124719357913
0.0118559466582
0.0190176771503
0.0394582688984
0.115137433274
0.195965116651
0.222133663441
0.229676579373
0.231397420528
0.231870603418
0.231979343875
0.231997605102
0.231999796411
0.231999987719
0.231999999533
0.231999999976
0.231999999958
0.231999999955
0.0145839499
0.0171271344586
0.0150652715317
0.0135396758582
0.0130944972109
0.0144920777134
0.0180048962971
0.0240832727942
0.0352317614352
0.0227885404543
0.0231765434564
0.0415029604667
0.101282138811
0.187365152739
0.219104705555
0.228924136989
0.23119070633
0.231817355326
0.231969155738
0.231996211522
0.231999662229
0.231999978745
0.23199999917
0.231999999965
0.231999999948
0.231999999946
0.0173678190488
0.0239907585378
0.0179024705789
0.015756981614
0.015019345746
0.0164195715516
0.0198766686206
0.0269382045927
0.0386673060895
0.0601955492558
0.0437495527496
0.0486878929118
0.0985804573523
0.17648774984
0.215926354055
0.227755547068
0.23091980419
0.23174408979
0.231954279308
0.231994055104
0.231999439923
0.231999963257
0.231999998507
0.231999999947
0.231999999936
0.231999999935
0.0243573541909
0.0366121402512
0.0251721890803
0.0186715048993
0.0173599069567
0.0186210881817
0.0221878860098
0.0290846489019
0.0424647381156
0.0647812799614
0.101975090973
0.0872756894988
0.107157791979
0.166867316467
0.212455045595
0.226435310379
0.230593358876
0.231644222349
0.231932400015
0.231990677673
0.231999074977
0.231999936276
0.23199999733
0.231999999913
0.23199999992
0.23199999992
0.0370770238748
0.0519537648571
0.0380977211888
0.0263474609605
0.0204546460412
0.0212313105432
0.0248400940439
0.0320185994782
0.0451745667406
0.070648093394
0.110328187898
0.149975409589
0.144823703182
0.170152594761
0.208992418142
0.225232055067
0.230181918945
0.2315131428
0.231900604769
0.231985396056
0.231998467601
0.231999889401
0.23199999514
0.231999999856
0.231999999898
0.2319999999
0.0523507614567
0.0657891309215
0.0532191774721
0.0395346762404
0.0290696784375
0.0247707596373
0.027901125064
0.0354721362866
0.0491346617039
0.0745358509728
0.113714148527
0.157356372666
0.189303628558
0.19105230032
0.210098242311
0.223936321267
0.229730036386
0.231346072687
0.231854942739
0.231977064433
0.231997454504
0.231999806399
0.231999991183
0.231999999743
0.231999999866
0.231999999874
0.0660903301004
0.0770882920222
0.0667492082101
0.0544344888989
0.0427630019435
0.0356497750957
0.0322331892725
0.0393020086376
0.0542050752186
0.0799480966708
0.114708399601
0.15733922973
0.192425855274
0.212451200327
0.216817978442
0.224502751913
0.229328136298
0.231144165254
0.231790449149
0.231964014503
0.231995711853
0.231999657087
0.231999983557
0.231999999537
0.231999999817
0.231999999839
0.0773067946947
0.0858848147349
0.0777847858162
0.0676702208501
0.0571518140214
0.0498808018793
0.0464824364527
0.0450212626319
0.0592297467185
0.0835719679835
0.117416480491
0.154659360285
0.190570942155
0.211736932789
0.223177438069
0.226079958911
0.229187813385
0.230938815194
0.231702209145
0.231943043469
0.231992700379
0.231999377695
0.231999969044
0.231999999096
0.23199999974
0.231999999791
0.0860435744661
0.0931265475283
0.0863915040838
0.0784532941331
0.0697264970923
0.0630190684461
0.0602113143725
0.0617002316234
0.0643919905785
0.0863760915814
0.117674367147
0.153686102228
0.186424041969
0.209277219574
0.221431001868
0.227731168995
0.229037601647
0.230788105227
0.231591007593
0.231910096271
0.231987110973
0.23199883599
0.231999938495
0.231999998237
0.231999999605
0.231999999722
0.0932494621552
0.100215265945
0.0935193178689
0.0868793784192
0.079947391574
0.0741589578934
0.0713273660682
0.0736479222136
0.080908244993
0.0886181442101
0.11684330068
0.150624778862
0.182730471028
0.205550748175
0.219342001343
0.226545371389
0.229576012537
0.230376759946
0.231444745352
0.23185606754
0.23197673372
0.231997664036
0.231999872263
0.231999996109
0.231999999361
0.231999999618
0.10032481705
0.108310290482
0.100565606225
0.0938988379437
0.0879743354405
0.083179932929
0.0804036363912
0.0818620475523
0.0895179010314
0.102870590645
0.115169371781
0.146348539617
0.177926097532
0.201981854511
0.216280436595
0.225254881788
0.230497644755
0.231122590538
0.231748642216
0.231954282967
0.231995039476
0.231999697717
0.231999991147
0.231999998821
0.231999999453
0.108416695649
0.117926782924
0.108650890544
0.100904996201
0.0947543782696
0.0903703115752
0.0877798606239
0.0883342550112
0.0940738255785
0.106555839603
0.125571604072
0.141455853693
0.171405536496
0.197234364935
0.213168459604
0.223071131451
0.231065660582
0.231511468896
0.231888890154
0.231987267091
0.231999214505
0.231999974425
0.231999997599
0.23199999915
0.118034000907
0.128864542057
0.118269732024
0.108981698872
0.101672195654
0.0966519590875
0.093839404197
0.0937150878698
0.0976500906113
0.107232961912
0.123445518882
0.146690933201
0.164746714167
0.190139377259
0.209269861819
0.220633730778
0.231368274377
0.231725700253
0.231951315887
0.231997183557
0.231999918885
0.2319999934
0.231999998539
0.128958306666
0.140011356194
0.12916468146
0.118601960297
0.109731435793
0.103389676589
0.0994602987714
0.0984311850225
0.100821751928
0.107900792995
0.120605291859
0.139423526946
0.164323323586
0.182800160474
0.202563659249
0.217759469271
0.231555688196
0.231841669421
0.231983593146
0.231999577575
0.231999978788
0.231999996737
0.1400922183
0.150174369533
0.140270130648
0.129455545768
0.119352716452
0.111426485809
0.105975171328
0.103296461051
0.10414293441
0.108837699922
0.118628073969
0.133821104569
0.154644547132
0.177812755789
0.195226207428
0.211396212274
0.231695527317
0.231915643851
0.231996704123
0.231999869101
0.231999990715
0.150237274813
0.150376058759
0.140521030398
0.130112772837
0.121031172154
0.114009732162
0.109606986802
0.108278609551
0.110964525249
0.117464636655
0.12957427735
0.147129142303
0.188005734631
0.203936879669
0.212276215031
0.231807793034
0.23196996034
0.231998934489
0.231999945704
0.150571769429
0.141088367756
0.131587834102
0.123539535461
0.117665380915
0.114522857697
0.114594766724
0.11908007225
0.126491930938
0.140891243407
0.194873091748
0.207528528364
0.214740603055
0.231899855174
0.231814972664
0.231987679774
0.231999578121
0.151014033622
0.142361585928
0.133800407763
0.12699951908
0.122569603283
0.121041749569
0.122684730331
0.129404523099
0.135923135388
0.199180933854
0.209308997221
0.216003643354
0.23189104622
0.231936458976
0.231821673434
0.231994661395
0.152010555193
0.144267581197
0.136867362572
0.131523770033
0.128853550206
0.129499758175
0.133514008612
0.147071356648
0.201764133097
0.210677650665
0.217077592639
0.23188698329
0.231925153225
0.231954214689
0.231828284171
0.153502951455
0.146891840775
0.140880414543
0.137217792533
0.136583689907
0.140054569336
0.148497367263
0.171948477332
0.203055863713
0.214026149053
0.221530439563
0.231885622669
0.231920242687
0.231943092332
0.231834887143
0.155562014369
0.150300394442
0.145872536384
0.144158754828
0.145785043653
0.152399075577
0.165450833047
0.186164952399
0.203987787378
0.220299480653
0.227137896616
0.231884617022
0.231917086052
0.231936515299
0.231835712504
0.158250554741
0.154528757559
0.151817257759
0.152251165767
0.156276290602
0.16546086654
0.179859157629
0.195633469725
0.207547757634
0.226621994284
0.231535942138
0.231883268032
0.231914266725
0.231931621849
0.161624311194
0.15956866339
0.158677206046
0.161247627577
0.167562646612
0.178423679296
0.193034651642
0.202395892948
0.216087141876
0.211943702521
0.23103886585
0.231865042842
0.2319117257
0.231927435787
0.165728574335
0.165391099326
0.1664108661
0.170981492792
0.179311348741
0.191539992579
0.203520300739
0.207725779737
0.226740298544
0.21957278381
0.214374462137
0.231799586559
0.231906940478
0.231923780622
0.170581860342
0.171967945281
0.174934560825
0.181335307647
0.191467437216
0.203233838626
0.21046083642
0.211449668589
0.23082446293
0.226549163122
0.220131484133
0.217674201767
0.231894037956
0.231919837785
0.176168385683
0.17922711476
0.184135676031
0.192186552179
0.202703881886
0.211402411918
0.214953306691
0.215261995929
0.230527624756
0.231691213616
0.225998400329
0.221728603896
0.218811327951
0.231913873522
0.18244550098
0.187039858111
0.193596994184
0.202529917166
0.211110101269
0.216341166614
0.218094058655
0.219558231908
0.230153340358
0.231545671904
0.231839030715
0.226182676377
0.222332577416
0.189338290049
0.195187142441
0.202699017216
0.210841366792
0.216486578794
0.219471420449
0.220803693149
0.223050489714
0.229882354703
0.231364693603
0.231766435945
0.226172296092
0.196554996112
0.203272350732
0.210478990389
0.216467124769
0.219941712874
0.221847470139
0.223730190645
0.226356561523
0.229605235159
0.231203138903
0.231663092184
0.203706196156
0.210520602535
0.216161937532
0.220162589322
0.222435350058
0.224301333206
0.226561099632
0.229394310836
0.231015571396
0.231546990922
0.210243297173
0.216085468853
0.220051922678
0.222776349097
0.224672906253
0.226735308235
0.22922567952
0.230844962969
0.231407106394
0.215596172364
0.220007078577
0.222809738629
0.224912072508
0.226832858129
0.229094464432
0.230685518063
0.231256376954
0.219602638831
0.222818429969
0.224956363221
0.226888417503
0.22897345749
0.230523239585
0.231098931121
0.222552541817
0.224970521176
0.226853227135
0.22885551236
0.23027182227
0.230829836161
0.224804725371
0.226811844688
0.22871112798
0.230005235128
0.230557277979
0.22667347889
0.228557709854
0.229723109948
0.230276524747
0.228372206971
0.229454303199
0.229979522135
0.22917511355
0.229688721828
0.229393180764
)
;

boundaryField
{
    inletfuel
    {
        type            fixedValue;
        value           uniform 0;
    }
    inletair
    {
        type            fixedValue;
        value           uniform 0.232;
    }
    outlet
    {
        type            zeroGradient;
    }
    leftside
    {
        type            zeroGradient;
    }
    burnerwall
    {
        type            zeroGradient;
    }
    front
    {
        type            wedge;
    }
    back
    {
        type            wedge;
    }
    reacting_to_fluid
    {
        type            zeroGradient;
    }
    reacting_to_solid
    {
        type            zeroGradient;
    }
}


// ************************************************************************* //
