/*--------------------------------*- C++ -*----------------------------------*\
  =========                 |
  \\      /  F ield         | OpenFOAM: The Open Source CFD Toolbox
   \\    /   O peration     | Website:  https://openfoam.org
    \\  /    A nd           | Version:  10
     \\/     M anipulation  |
\*---------------------------------------------------------------------------*/
FoamFile
{
    format      ascii;
    class       volScalarField;
    location    "0.3/reacting";
    object      one_over_tauStar;
}
// * * * * * * * * * * * * * * * * * * * * * * * * * * * * * * * * * * * * * //

dimensions      [0 0 -1 0 0 0 0];

internalField   nonuniform List<scalar> 
1571
(
523.615478703
1027.82361664
981.809168514
5187.33601779
1514.25814031
1111.32026091
5195.60769732
1593.14653971
1202.48589511
5149.80775192
1868.46265485
1389.0651666
6815.82555096
2664.84462866
1767.16468783
8228.82002775
635.954991979
3316.26254731
1998.5035239
7629.95318556
5302.04076239
521.150849812
3611.78638492
2332.34187217
7084.69936559
6174.8752454
2841.96001781
55.2177113103
77.6946739645
3903.33916056
2639.13539572
5983.72354394
6057.45733411
3911.55666212
1826.8737037
54.7799256464
13.1609403264
12.6957422596
3988.33111078
2829.01701619
5469.17851255
5408.86393866
3610.05066156
2570.6180776
406.065548117
54.7738009185
9.68631530845
5.75240146296
5.63023010783
3924.64596407
2887.96786627
4900.72762006
5044.21526396
3427.02995303
2408.70017282
1338.11678102
39.3811887765
6.54836669761
4.76601842724
4.44405100237
4.47229408483
3711.0127799
2825.12455903
4367.94796239
4620.16210565
3278.45715988
2317.54034437
1402.98274983
197.404922601
7.50565841164
4.17468914264
4.14841655061
4.1203795067
4.12426758401
3461.60960256
2700.2715745
3875.51706891
4175.43798104
3038.48645277
2189.24859409
1414.18644018
298.175110077
24.767300244
4.43050860674
4.03377919997
4.04044150805
4.04231782389
4.02656546914
3162.91909215
2503.73854687
3440.0410468
3744.31750493
2864.24035081
2040.34357804
1422.55017021
338.374806473
46.6405231518
6.04336491769
4.09405527451
4.00843282887
4.01396391121
4.00714547844
3.98606914399
2863.7836437
2342.01049274
3070.91069071
3352.08753435
2678.78912203
1939.02561873
1424.38856132
458.752290723
63.8961067944
10.1578092306
4.24574172528
3.99687555703
4.00447128181
4.00030855974
3.98400751441
3.96680664428
2567.14452484
2150.61527513
2731.79729973
3010.34473091
2529.34582469
1817.99304145
1375.50794936
593.703048946
70.7661307867
14.6347281149
4.79558009525
4.02140558932
3.96404608755
4.00267993109
3.9847255008
3.97100379372
3.95621234497
2297.54647009
1936.81693203
2422.82894212
2693.19833712
2377.2830869
1746.1392905
1299.66788917
763.098660188
82.4198988349
18.1279669777
5.66110928782
4.08118102344
3.96233500916
3.94590254006
4.0111936412
3.98805286807
3.96763033294
3.95089025493
2050.18186598
1737.90527724
2151.82706045
2394.08631243
2230.55894215
1643.21214915
1256.39481554
858.16686523
95.7900884266
20.5238514324
6.64196692264
4.2068997465
3.96547829454
3.9355567602
3.93735799502
4.00667151936
3.98253923278
3.96397188002
3.94862139564
1821.13450965
1555.36036893
1903.64853112
2143.57547691
2043.68419523
1579.60661162
1181.67142686
829.251570394
112.623830694
22.7765934523
7.57928987814
4.40077270369
3.97593904298
3.92619287005
3.92381414513
3.93416737167
4.00741771455
3.98049384856
3.96237005823
3.94634884124
1613.38835114
1384.43022341
1677.37918666
1906.67189074
1925.33504527
1497.92770277
1140.36954793
802.272773678
136.334066922
24.8602935022
8.55196148929
4.64412598468
3.99627374937
3.92087352267
3.91026670585
3.91939308766
3.93119129451
4.00749733601
3.9795633835
3.96071549208
3.94669107069
1425.07365286
1230.3651265
1473.60056501
1685.31354183
1763.43843121
1449.64436088
1077.47800723
789.298440908
196.666821378
26.5326347066
9.30973269948
4.91210778937
4.03187398092
3.9136062755
3.89695968494
3.90431559347
3.91559642339
3.93157142412
4.00738997222
3.9785842446
3.96103469156
3.94512498832
1258.97546774
1096.11910872
1295.85483778
1484.46417501
1588.80240181
1371.14734981
1042.39284264
776.98653836
301.043465848
29.9292237838
9.91767413895
5.16474961661
4.07627071956
3.90747975635
3.88351764155
3.88906796332
3.89951061864
3.91596128698
3.92989720837
4.00722301877
3.9788578373
3.95971351844
3.94693141768
1116.48711347
978.048620584
1144.81997999
1308.89471294
1426.00355939
1295.41203591
991.463883814
749.996802021
435.693040989
36.4235577504
10.7807407584
5.43781145957
4.12735320919
3.9013460993
3.87013852306
3.87339098588
3.88308916133
3.8998384191
3.9141935709
3.93195264908
4.00737076533
3.97788247923
3.96126080737
3.94508714354
992.514020849
872.349701584
1013.85712865
1158.71916385
1279.44418099
1193.56162417
960.592464603
720.943690038
449.708122417
44.6844754054
11.7842505609
5.72877861245
4.19892827639
3.89786922894
3.85593265988
3.85767989351
3.86616556455
3.88325922852
3.89806268787
3.91642854486
3.93032393394
4.0070236881
3.97908498442
3.95952764131
3.95625945486
882.609407923
777.697772056
898.480930409
1026.42682164
1147.94111793
1122.58705504
913.218312513
702.985553639
479.320529329
51.7762148318
12.6899543169
6.07187146415
4.26881233367
3.89812930065
3.84233330652
3.84120485061
3.84905537446
3.866189466
3.88140580322
3.90041021475
3.9155625048
3.94624592558
4.00748339775
3.97765620759
3.96694595447
4.23242554767
784.959573912
693.16110142
796.639733835
909.147464198
1024.22206893
1039.91837027
878.517709371
675.057282743
484.439208225
72.6871109594
13.5915887898
6.3474858237
4.36898502512
3.89946096303
3.82781999608
3.82481478759
3.83137502189
3.84873143118
3.86435351443
3.8837342513
3.90099592566
3.93661126743
4.28451676735
4.00684935385
3.98201831031
4.18847970916
15.9624813758
698.265066394
617.976164558
706.764382367
805.332665351
911.679863794
942.744540575
844.936291235
649.931174981
472.038406961
128.119289062
15.5573500147
6.65666129773
4.45955666037
3.91043248447
3.81341964711
3.80738109864
3.81357230234
3.83084154904
3.84674985397
3.86663426473
3.88628884089
3.92637703692
4.37518408966
17.7252507131
4.00767523633
4.13156472205
14.9544719262
27.470227851
621.586333386
551.395966513
627.79403929
713.66993511
810.042143875
855.243671649
783.421134516
633.021608373
464.246937803
190.209379849
19.754050272
7.12194108769
4.56977381237
3.92270088604
3.79979320352
3.79004624862
3.79510717862
3.81258143292
3.82880741059
3.84895764021
3.87143606705
3.91553611616
4.4979061522
19.62126262
59.3731452472
4.06269094901
14.7932344906
55.2095749679
553.975030802
492.663413871
558.533735587
633.241770789
719.148804058
772.2608947
737.130454692
602.379311056
468.757470595
274.126925942
24.9343169593
7.71291311247
4.71603703051
3.93771099676
3.78599693409
3.77182351374
3.77644631703
3.79389377391
3.81021522112
3.83114089498
3.85579002568
3.90586441475
4.63399611861
20.9684216235
72.2053914849
55.209557315
14.4648082483
494.527193846
440.599747295
497.898630258
562.794502678
638.694247959
694.248529527
684.310468266
579.514758136
451.222151873
306.837151444
37.2018993264
8.29906166474
4.86288275852
3.96847974435
3.77275835581
3.75366461618
3.75693860643
3.77476230588
3.79135305981
3.81271795393
3.8395269895
3.89765324256
4.78268696114
21.9817109363
72.1826981326
55.2094177113
441.94596346
394.436514987
444.424732821
501.211869073
567.766249775
622.261812735
625.679572583
555.954339293
439.507866022
312.157280286
55.0402870298
9.74414779247
5.02412725347
3.99412958634
3.76230044762
3.73423941187
3.73719777632
3.75512188321
3.7716369172
3.79433409212
3.82213318446
3.89188601802
4.93389673585
22.7255859625
70.789096031
55.2092238882
395.423148457
353.504233511
397.270392691
446.952011459
505.505107456
557.420393899
570.581764119
524.325299118
427.934078217
309.014415691
83.7864223289
11.4441313469
5.31291122639
4.04159220748
3.75350634295
3.71583474323
3.71628332836
3.73498081868
3.75168796601
3.77506847019
3.80431097946
3.88734196313
5.0924624208
23.0854558124
66.7198660258
55.2090651455
354.241117785
317.513056664
355.643419061
399.222164767
450.462138195
499.035325122
520.447525798
491.298363465
413.902814783
304.079628002
139.143048893
14.3053378118
5.66175598447
4.09795513269
3.74876196368
3.6956075824
3.69557940433
3.71408841556
3.73066547486
3.75591128896
3.78527463782
3.88502774918
5.24911538009
23.3418917628
62.3355266204
55.2089712235
318.075365276
285.530277749
319.161888888
357.175977509
402.117371237
446.433635535
471.562280294
462.140397628
391.580651343
304.621118182
181.048723807
21.1094102463
6.0618532496
4.18697761726
3.75054031699
3.67765138162
3.67345814338
3.69290659783
3.70940850031
3.73543747984
3.76626382124
3.88312736647
5.41137411319
23.270225205
58.256006371
55.2089299983
285.964991396
257.417798902
286.816010422
320.386100458
359.587866404
399.929380199
426.484611535
423.120600653
377.219876019
302.449170847
213.2007
32.0754493903
6.93927187777
4.26365102294
3.75618236099
3.65787417892
3.65189761995
3.67081477274
3.68705986879
3.71519150953
3.74595712036
3.88351303412
5.5675484611
23.1953663521
54.6510889829
55.2089234408
257.757132534
232.186539119
258.428953459
287.799410139
322.412399098
358.658968718
385.960667955
388.630501745
360.095703517
296.818226754
218.861031739
60.8170173549
8.17863392226
4.4418790645
3.76800374323
3.64142122899
3.62931856808
3.64846364422
3.66459852507
3.69331580408
3.7261290366
3.8836413109
5.72988249646
23.0140960097
51.5931176339
55.2089349882
232.459466235
210.299924272
233.006571407
259.222230581
289.493306948
322.284225698
349.011217581
357.959497154
335.210583016
292.160089846
211.028500888
100.172393397
11.6708139899
4.63753714083
3.78659562604
3.62319255697
3.60678178633
3.62554220721
3.64101066719
3.67197130388
3.70485044234
3.88639209766
5.8779923864
22.7558880328
49.0082678751
55.2089548279
210.520246953
190.107914447
210.965804549
233.668130048
260.634927251
289.819721894
315.626147303
328.069987633
319.595113723
278.027044574
209.482513544
113.954325395
16.5538298039
5.18005249827
3.81924655542
3.61157491261
3.58401777128
3.60148056397
3.61764140253
3.64869508281
3.68473932258
3.88827629269
6.03275086223
22.4324615253
46.8429701029
55.2089775249
190.295095315
173.496338155
190.678262258
211.513222436
234.889265136
261.222646182
285.263967795
299.613886929
297.366159535
265.391124206
207.039200604
134.168804275
20.9550669222
5.84774964448
3.89156463341
3.60111249213
3.56169506852
3.57792725603
3.5923641471
3.62628205625
3.66291615214
3.89346976186
6.16631239527
22.1036634708
45.0049097986
55.2090004319
173.64811792
156.503139976
173.959528441
191.15954764
212.547193872
235.708549767
258.231335447
273.270238305
274.000234759
253.123985887
207.603779878
151.185432914
31.0659930802
6.41185207857
3.99023456737
3.60300220763
3.5392160932
3.55305669487
3.56860398901
3.60115586989
3.64281321822
3.89708487914
6.3065247002
21.7251484454
43.4585565523
55.2090228641
156.651345578
145.661191491
156.961831433
174.351632953
192.097675104
213.407457285
233.959029893
249.532174405
253.181280247
238.932157682
207.68635824
150.915984931
59.2360604469
7.83896451637
4.09580228714
3.61139915846
3.51948242491
3.52890762206
3.54204014901
3.5782293564
3.62037642089
3.90441159944
6.42324301473
21.369897167
42.1207895416
55.2090447406
145.772566556
129.607968516
146.002347913
157.366800753
175.118156393
193.102325827
212.355730213
227.772216919
234.515815808
226.383922792
202.847843677
148.859929879
80.4697266867
12.0982406118
4.36085553881
3.61881461505
3.49723771279
3.50483287041
3.51766029109
3.55147067648
3.60077800915
3.90911016946
6.54728933668
20.9705466023
40.9946884598
55.2090659488
129.76996431
126.989725393
130.113942349
146.293524279
158.197954418
175.956629488
192.782081045
207.815324288
216.244194917
214.66207538
194.070353129
149.145470599
99.5189890819
16.0154937475
5.05200831818
3.6474478973
3.47806398505
3.47983419688
3.49062037925
3.52791611496
3.57786789973
3.91821029754
6.64413940368
20.6180070791
40.0000192497
55.2090874862
127.214062041
124.567606827
127.677301383
130.578960591
146.864088999
159.444797335
175.712902462
189.804816517
198.846877086
199.347611562
185.434040731
148.394784161
104.321536839
22.7632371977
5.55283472928
3.71664258496
3.46869845043
3.45458966734
3.4650899427
3.5001016185
3.55887804871
3.92346733805
6.74991885558
20.2177037313
39.1759905694
55.209110177
124.750288416
118.557458947
125.133931707
128.313317336
131.572929785
147.545485085
160.209116922
173.313786386
183.096773294
184.947158011
175.474077585
147.76566812
107.181725522
33.1880640462
6.35975559277
3.7995767015
3.46345161894
3.43227695142
3.43690895367
3.47580716698
3.53560608504
3.93342859502
6.82752179396
19.8952708834
38.4572992939
55.2091260263
118.69238891
112.794366591
118.986218097
125.646222619
129.656781347
133.40648412
147.454659549
159.645722901
168.080994358
172.163826675
165.305675064
147.424243496
106.688089621
45.4706535682
8.17826031703
3.92782314224
3.45822556505
3.40579519582
3.41290129468
3.44672997193
3.51731379422
3.93824428486
6.91321984491
19.5146169928
37.861421524
55.2091527835
112.941174789
106.933362356
113.266155748
119.393790377
126.720633765
131.847649604
135.385496879
145.681063475
156.771492472
159.859258922
157.618360727
142.436791813
108.916141879
64.4199008851
10.2276502152
4.27065905915
3.47044552047
3.38057568523
3.38266049764
3.4232251013
3.4934336723
3.94840344532
6.97369755747
19.230754529
37.3349107594
55.2091827295
107.224223864
104.889327889
107.873738182
113.735144463
120.305223745
128.347687345
134.024032435
137.289143306
141.542074462
150.466959724
148.842555828
138.121184033
107.973051911
73.8083066155
14.9935954209
4.57341521975
3.49478327095
3.36176330575
3.35878639234
3.39168941297
3.47595466213
3.95160333849
7.03819493398
18.8734469095
36.9488786413
55.209217316
105.302907713
102.988468812
106.190405495
108.819406546
114.82465491
122.30699761
130.025885791
135.96286931
138.107693103
136.637469525
139.900003893
131.143779115
108.015991945
79.3685737587
20.8771239564
5.2038616828
3.53540589915
3.34332370362
3.33025913137
3.36873735765
3.45072745782
3.96063916429
7.08626485609
18.6359540505
36.6116067484
55.2092573984
103.412902923
102.797090655
104.35708544
107.389527701
111.0167315
117.490473485
125.061364106
131.101793223
136.015603123
136.870741227
130.200425153
125.060961282
109.284384171
78.4350243547
32.7697755569
6.27604899948
3.61740533731
3.32651051881
3.30592331697
3.33650103558
3.43419761716
3.96091768422
7.12584918868
18.3064915139
36.415695631
55.2093029463
103.316684386
103.666355373
104.435414844
105.72517358
109.906414554
116.047204161
122.615186027
129.16483644
132.861650161
132.853377251
132.981801021
121.192159966
105.822971356
79.6333981582
42.0002749442
7.75946647725
3.78945120694
3.32129712085
3.2722602437
3.31330077778
3.40751393672
3.96752975401
7.15978581728
18.1218318947
36.2548754102
55.2093544554
104.26185666
105.965205367
105.533175979
105.964673522
108.807052085
115.146812922
122.11660242
128.970126456
133.797150604
134.161889892
124.942048034
122.736641967
103.346259811
78.2174412465
46.8965441747
10.7743260739
4.00029907717
3.32995940465
3.25197447259
3.27862878585
3.39096848517
3.96379825596
7.19145982095
17.8145605239
36.2099353092
55.2094128424
106.423297149
105.910983922
107.399429277
107.246016557
109.263107073
115.425488788
123.044377377
130.350049285
136.864827645
137.974426379
131.912336493
107.003806957
103.90848995
81.1052134913
53.8846703035
12.509368306
4.41118937261
3.33669562564
3.22109649431
3.25879386494
3.36151536549
3.96597739665
7.20405008738
17.6790394828
36.2153690818
55.209475396
106.246706316
105.062559055
106.969114699
108.707298062
110.842072032
115.986227119
124.47924193
133.601074133
141.095119149
145.210694457
137.615520422
114.923066029
75.5531586037
77.1726302371
52.4284507206
18.3164867487
4.90592060482
3.39445673404
3.20202273004
3.22100471423
3.34500522563
3.95626206903
7.22807376046
17.4545742229
36.255156192
55.2095410663
105.328831662
102.081186052
105.899128602
107.953337827
111.45142095
117.497859209
124.577238324
134.532600286
144.19009363
149.462025411
147.932636715
121.711183486
77.2008488614
42.8503291372
35.5004695054
17.4867951211
5.557658972
3.46540713839
3.1761269022
3.20176192248
3.31014888579
3.94881067732
7.21592089119
17.2887517682
36.2903701958
55.2096095297
102.226613457
97.4307893441
102.54452143
106.668187268
110.076966485
116.432318381
124.724203127
133.71849741
143.504915335
150.919351553
149.526274223
135.30147356
86.6474347968
44.1617039735
26.3554457337
12.7463533609
6.48049593099
3.62742513778
3.17966468101
3.15739015155
3.29269192969
3.92635942544
7.22809393107
17.1695972392
36.4378256614
55.2096910859
97.5628776164
92.3216307947
97.846587006
102.989313077
108.3059894
114.232669026
121.959106955
130.678224992
140.734393542
148.14564762
149.592857634
135.577195135
102.507370556
52.8364444982
37.3090751521
23.5395162769
8.00225839367
4.51410446374
3.24233786351
3.15057030345
3.24904661435
3.90416011128
7.17117006556
16.9952027445
36.3808140237
55.2097615617
92.4181577314
86.3554049113
92.6290776487
98.2322405714
103.970006948
111.277993364
119.134726903
127.496853417
134.428890706
142.573952044
145.774552613
136.557093246
108.418675859
67.5019323182
53.5105442154
133.316128101
33.8020465972
6.33718259286
4.19164977787
3.20837861079
3.23009414997
3.84247088034
7.1463169241
16.8411529177
36.5979655355
55.2098325101
86.4590883643
81.8499994317
86.6885970654
92.9252642657
99.086156726
105.959718474
114.338121602
122.778479497
130.444685991
135.581788337
139.612496359
133.682121028
111.631881573
79.4169847292
57.4526341721
124.971146944
31.668893908
6.14439880528
4.14689634676
3.27297761237
3.78566576747
6.95042110485
16.7006080735
36.325927922
55.2099021146
82.0368505537
80.8982944543
82.4482448243
87.0181884632
93.5940644994
100.882075159
108.81026068
117.898739266
126.427676273
131.658567098
130.476053461
130.231989246
113.532879632
83.4062202197
66.3653515831
126.461989644
31.5686111767
6.13647774808
4.27781077697
3.78026430741
6.87845260851
16.3963545647
36.4808951949
55.209970609
81.1003313762
77.8928483804
81.5374467393
83.0319473489
87.7794656017
95.067092457
103.433845426
112.31654851
122.240844948
131.47566121
138.178214586
121.753481069
114.877093716
89.6317186058
68.7824468861
135.406951093
32.0616629953
6.3394569548
5.59243668431
6.2375377541
16.0682004342
35.8692950555
55.2100557325
78.0570974292
75.8569041149
78.4177248318
82.1451655973
84.3549166585
89.5996621436
97.326650573
106.892782368
116.866884812
129.049738823
145.067875166
177.44145197
113.123808317
95.2678075071
72.215521771
143.219428903
33.2091132479
8.22008390694
6.73597666053
15.9219063052
35.506047356
55.2101462402
75.9969637896
67.6461990308
76.3004191404
78.923206764
83.4865760564
87.3705136343
92.7917031278
100.822105285
111.837122076
124.266062135
144.153075444
191.29536834
559.018030376
101.803451152
77.155293365
105.198040307
37.5059080645
10.2918856353
13.8368376038
34.3656665792
55.2102695472
67.6812014369
67.7549554027
76.7190474149
80.0487009275
86.3177996045
91.7680621153
98.081870235
106.720199599
120.253827689
139.834976488
189.197308318
489.830076453
88.2795730156
75.9709070572
41.9133567214
16.1124633877
14.1340695098
32.0850996613
55.2104223557
67.854567744
77.6362950454
82.4771050508
90.2993044163
97.8776408635
106.317474219
117.406120243
137.809757005
185.583185812
457.613757732
78.1719651202
58.9996083302
35.6358574905
20.3366008645
85.4581040164
29.7116363067
55.2106666043
68.0685846776
79.470231681
85.9566086034
95.2982754212
105.951299747
118.58893786
137.059047554
181.190190225
437.720311881
69.7858275169
49.0268153417
37.0673663895
27.7543123441
32.6938163627
80.5081223414
55.2126666441
68.4393703757
81.6812049808
90.2184874759
101.2103485
115.218331664
135.084940839
171.160709364
275.591952523
64.3671498789
43.8243565354
40.6444657478
32.7725827858
63.8231964073
234.504877921
75.3432051616
68.8279528787
83.9499136926
94.2081442402
107.903522345
124.382075547
149.013829426
202.433095332
57.2219761321
60.1720878444
40.9280680274
40.137116411
34.0763738559
82.2327961249
294.617757953
73.083407488
69.0886943174
85.9458351209
96.8153255968
114.07959192
132.977931683
150.615612163
169.41272594
41.7146374412
59.5842410963
49.3493058757
35.4471252642
34.81745914
96.4604816083
308.27527373
69.106966835
69.166692387
86.9002585803
97.280699671
114.621234517
133.680482929
137.13430527
122.094645291
34.4896115366
57.3198487698
64.3989257273
58.8649483668
35.8687142316
103.988603272
314.1960478
69.0682507184
86.1654365739
96.1585998607
110.200002717
123.05291224
112.73958067
79.7259422688
31.5495621259
59.4412169054
140.36208702
55.1372364298
36.0920206554
110.143543396
313.949610132
68.5118833313
83.7875705957
92.2589662968
101.276066383
103.897927677
83.857782099
48.9870520045
30.2203700417
53.0746667838
55.6091862905
109.177648625
36.7447865724
114.267309872
310.206640978
66.9350358428
79.618466342
84.9510909408
87.8940899534
79.4699188385
55.1917324008
36.6983120035
27.9289468663
37.3792680785
46.0571792677
54.9642944406
103.047489966
122.847116662
305.215414162
64.0081320494
73.4970164095
74.4255118062
70.9039999608
54.3918749052
38.115140996
37.3182703938
27.5433724674
37.4340755306
97.5930311597
43.5228830769
48.5305956149
88.6366239407
288.055865601
59.5436147587
65.3817561251
60.9879858934
51.2655622537
36.9966344411
35.5480948559
42.9464782249
62.3588927315
35.5562952245
102.614220304
276.114035961
37.0843753034
45.3900330252
53.4826628465
55.2140465998
46.3305097485
35.4297839033
32.6071670085
38.3888711268
47.2115448226
40.646655251
34.6414605941
101.794256835
283.957580268
34.8337510843
45.8119368597
43.197201672
33.0629755786
29.4711814569
34.0724440495
39.819976251
35.3871162192
31.3971534856
32.4105152279
108.098273425
281.55068206
36.9081476888
31.591405376
26.285004386
29.4538062932
34.1274567882
31.6609645522
28.5771611538
31.3727146282
107.510307149
279.2870779
28.2806127051
24.5954589325
25.0796209002
29.5691939683
28.7114653993
26.2823324445
31.1221411055
108.877631269
272.33343635
22.0438011966
22.7857267765
25.2372093829
26.1950598052
24.3206951819
30.6289794572
112.650652416
265.819226183
19.5897261149
22.8160376828
23.4154315221
22.8792157447
28.2803292896
75.8201984849
255.844667158
19.2461231871
21.6144363567
20.9569545232
26.6724011364
54.2783012821
55.2664464862
18.5424786559
19.7950395422
24.2200332533
46.466296822
55.2776852975
17.4200222348
23.2041115158
42.2007716339
55.2893370434
20.8293249488
40.6393998182
55.3015693566
38.4500352114
55.313765379
55.3262673471
)
;

boundaryField
{
    inletfuel
    {
        type            calculated;
        value           uniform 120.747670785;
    }
    inletair
    {
        type            calculated;
        value           uniform 4.0249223595;
    }
    outlet
    {
        type            calculated;
        value           nonuniform List<scalar> 
26
(
67.6461990308
67.6812014369
67.7549554027
67.854567744
68.0685846776
68.4393703757
68.8279528787
69.0886943174
69.166692387
69.0682507184
68.5118833313
66.9350358428
64.0081320494
59.5436147587
53.4826628465
45.8119368597
36.9081476888
28.2806127051
22.0438011966
19.5897261149
19.2461231871
18.5424786559
17.4200222348
20.8293249488
38.4500352114
55.3262673471
)
;
    }
    leftside
    {
        type            calculated;
        value           nonuniform List<scalar> 
65
(
27.470227851
55.2095749679
14.4648082483
14.7932344906
14.9544719262
55.2095749679
55.209557315
55.2094177113
55.2092238882
55.2090651455
55.2089712235
55.2089299983
55.2089234408
55.2089349882
55.2089548279
55.2089775249
55.2090004319
55.2090228641
55.2090447406
55.2090659488
55.2090874862
55.209110177
55.2091260263
55.2091527835
55.2091827295
55.209217316
55.2092573984
55.2093029463
55.2093544554
55.2094128424
55.209475396
55.2095410663
55.2096095297
55.2096910859
55.2097615617
55.2098325101
55.2099021146
55.209970609
55.2100557325
55.2101462402
55.2102695472
55.2104223557
55.2106666043
55.2126666441
234.504877921
294.617757953
308.27527373
314.1960478
313.949610132
310.206640978
305.215414162
288.055865601
276.114035961
283.957580268
281.55068206
279.2870779
272.33343635
265.819226183
255.844667158
55.2664464862
55.2776852975
55.2893370434
55.3015693566
55.313765379
55.3262673471
)
;
    }
    burnerwall
    {
        type            calculated;
        value           nonuniform List<scalar> 7(5187.33601779 5195.60769732 5149.80775192 54.7738009185 54.7799256464 55.2177113103 635.954991979);
    }
    front
    {
        type            wedge;
    }
    back
    {
        type            wedge;
    }
    reacting_to_fluid
    {
        type            calculated;
        value           nonuniform List<scalar> 
22
(
33.8020465972
31.668893908
31.5686111767
32.0616629953
33.2091132479
37.5059080645
133.316128101
85.4581040164
124.971146944
80.5081223414
126.461989644
75.3432051616
135.406951093
73.083407488
143.219428903
41.9133567214
35.6358574905
37.0673663895
40.6444657478
40.137116411
69.106966835
35.4471252642
)
;
    }
    reacting_to_solid
    {
        type            calculated;
        value           nonuniform List<scalar> 
22
(
101.803451152
88.2795730156
78.1719651202
69.7858275169
64.3671498789
60.1720878444
59.5842410963
559.018030376
140.36208702
489.830076453
109.177648625
457.613757732
103.047489966
437.720311881
57.2219761321
41.7146374412
34.4896115366
31.5495621259
30.2203700417
27.9289468663
88.6366239407
27.5433724674
)
;
    }
}


// ************************************************************************* //
