/*--------------------------------*- C++ -*----------------------------------*\
  =========                 |
  \\      /  F ield         | OpenFOAM: The Open Source CFD Toolbox
   \\    /   O peration     | Website:  https://openfoam.org
    \\  /    A nd           | Version:  10
     \\/     M anipulation  |
\*---------------------------------------------------------------------------*/
FoamFile
{
    format      ascii;
    class       volScalarField;
    location    "0.3/reacting";
    object      p;
}
// * * * * * * * * * * * * * * * * * * * * * * * * * * * * * * * * * * * * * //

dimensions      [1 -1 -2 0 0 0 0];

internalField   nonuniform List<scalar> 
1571
(
101347.984035
101342.423288
101324.791799
101356.463304
101320.886282
101310.676665
101325.333684
101308.429454
101307.564029
101309.624948
101306.65239
101321.644029
101305.216126
101321.586114
101328.587313
101322.608573
101284.50124
101328.673346
101334.944547
101328.376311
101322.409211
101281.610438
101335.015179
101340.477317
101335.253254
101328.240668
101319.510937
101321.19391
101315.911299
101340.516785
101343.385462
101340.631472
101335.171172
101329.564622
101324.614991
101340.841874
101330.819966
101334.045951
101343.417533
101344.207512
101343.409234
101340.374322
101336.317643
101332.964122
101333.890101
101346.806747
101342.497376
101339.115893
101342.208205
101344.218962
101344.215232
101344.170577
101343.282528
101340.867887
101338.2211
101336.090308
101342.227366
101346.573307
101344.496649
101343.766293
101345.415397
101344.188244
101343.996205
101344.09934
101344.084843
101343.228872
101341.850416
101340.380412
101343.075203
101345.701611
101346.484431
101345.620027
101345.561445
101345.597826
101343.921918
101343.514487
101343.809785
101344.003017
101343.940051
101343.828503
101343.281544
101344.452241
101346.050594
101345.840562
101346.011189
101345.772986
101345.385922
101344.589583
101343.412416
101342.928958
101343.296234
101343.700169
101343.79482
101344.278335
101344.712325
101345.361778
101346.323049
101345.969942
101344.732287
101345.343601
101345.090169
101344.376012
101343.356397
101342.823763
101342.417044
101342.715605
101343.180457
101343.391999
101344.029802
101344.842872
101345.607429
101346.32737
101345.856689
101344.712861
101343.411243
101344.464664
101344.057053
101343.233808
101342.37114
101342.322184
101341.996351
101342.228486
101342.601583
101342.856075
101343.541936
101344.258786
101345.223512
101345.830493
101345.416521
101344.475478
101343.352407
101342.375761
101343.554576
101343.037857
101342.32555
101341.729422
101341.910773
101341.582292
101341.833222
101342.119962
101342.305708
101342.905547
101343.612705
101344.610202
101345.099028
101344.74783
101344.061237
101343.159372
101342.317968
101341.711849
101342.743295
101342.243029
101341.727946
101341.366518
101341.503633
101341.301914
101341.435914
101341.741978
101341.852649
101342.26671
101342.883462
101343.634917
101344.22991
101343.988363
101343.532588
101342.858855
101342.189772
101341.66553
101341.342359
101342.118306
101341.715196
101341.38413
101341.181374
101341.233331
101341.217878
101341.176832
101341.362248
101341.533263
101341.721928
101342.27909
101342.928899
101343.250574
101343.255893
101342.977677
101342.496393
101342.004905
101341.587381
101341.307355
101341.15757
101341.693878
101341.404513
101341.204491
101341.082881
101341.157968
101341.048626
101341.113251
101341.114875
101341.216901
101341.342598
101341.730919
101342.282595
101342.544961
101342.618522
101342.454096
101342.125594
101341.791417
101341.483217
101341.259653
101341.130892
101341.061362
101341.435234
101341.236291
101341.106383
101341.03835
101340.998148
101340.909367
101340.961714
101341.060658
101341.002021
101341.021525
101341.403969
101341.705924
101342.010019
101342.09918
101341.973164
101341.787074
101341.579144
101341.366042
101341.201389
101341.099995
101341.040158
101341.019679
101341.288267
101341.141327
101341.060093
101340.977442
101340.866783
101340.745641
101340.838091
101340.916707
101340.959469
101340.809507
101341.080938
101341.424106
101341.521581
101341.685861
101341.583827
101341.506151
101341.388134
101341.249802
101341.138023
101341.065479
101341.017974
101341.002687
101340.961249
101341.203428
101341.09311
101340.997625
101340.974894
101340.710392
101340.640226
101340.688203
101340.802091
101340.83252
101340.787308
101340.864215
101341.011098
101341.328101
101341.35807
101341.299938
101341.292325
101341.226272
101341.144752
101341.075774
101341.029389
101340.994787
101340.986051
101340.947298
101340.960542
101341.153357
101341.03022
101340.993633
101340.866663
101340.610695
101340.531123
101340.594168
101340.660056
101340.732433
101340.718552
101340.768799
101340.828859
101341.031652
101341.134444
101341.094616
101341.1347
101341.095535
101341.056122
101341.019375
101340.994175
101340.971393
101340.969426
101340.934337
101340.949298
101340.854335
101341.09455
101341.023408
101340.884824
101340.912827
101340.506667
101340.409349
101340.49471
101340.572138
101340.605335
101340.628097
101340.662676
101340.775305
101340.904033
101340.887937
101340.978614
101341.01193
101340.992465
101340.984824
101340.970962
101340.961745
101340.948791
101340.953027
101340.92208
101340.93979
101340.846932
101340.900555
101341.08042
101340.915593
101340.931013
101340.653981
101340.388968
101340.257611
101340.380213
101340.47832
101340.527332
101340.515499
101340.589886
101340.676481
101340.806774
101340.721018
101340.891834
101340.912905
101340.913008
101340.928846
101340.93028
101340.932662
101340.927603
101340.93715
101340.910612
101340.931382
101340.843693
101340.894719
101340.626349
101340.976297
101340.960781
101340.696079
101340.823504
101340.240988
101340.158139
101340.234678
101340.367728
101340.444282
101340.457283
101340.480118
101340.562964
101340.744554
101340.702279
101340.831198
101340.821605
101340.85442
101340.884201
101340.89529
101340.906744
101340.907971
101340.921861
101340.89993
101340.92376
101340.843954
101340.895144
101340.631763
101340.73406
101341.018592
101340.750318
101340.870755
101339.78392
101340.144325
101340.028841
101340.13997
101340.22561
101340.340742
101340.389162
101340.422714
101340.440468
101340.703768
101340.62679
101340.765944
101340.740904
101340.810541
101340.845382
101340.863537
101340.882738
101340.889327
101340.906902
101340.889738
101340.916534
101340.846574
101340.900338
101340.671283
101340.733781
101339.804087
101340.818971
101340.914443
101339.929514
101340.017748
101339.914346
101340.014894
101340.133322
101340.205805
101340.298626
101340.356157
101340.391978
101340.517237
101340.566332
101340.710579
101340.683268
101340.773879
101340.807362
101340.833211
101340.859288
101340.870698
101340.891744
101340.879477
101340.909096
101340.84993
101340.907344
101340.726683
101340.809714
101340.098186
101339.959918
101340.996377
101339.905109
101339.780619
101339.903186
101340.010558
101340.117776
101340.171385
101340.265859
101340.357268
101340.407166
101340.487306
101340.658787
101340.628738
101340.734456
101340.766112
101340.802725
101340.835002
101340.851095
101340.875686
101340.868454
101340.900718
101340.852365
101340.91311
101340.779944
101340.891996
101340.495195
101340.227389
101339.773056
101339.668946
101339.771777
101339.900055
101340.000521
101340.09116
101340.138637
101340.272386
101340.299622
101340.493251
101340.540364
101340.570341
101340.694659
101340.721606
101340.769975
101340.808323
101340.829572
101340.857969
101340.855948
101340.890695
101340.852585
101340.915573
101340.822354
101340.952341
101340.803216
101340.579807
101339.662568
101339.537612
101339.661683
101339.76969
101339.892353
101339.981142
101340.063699
101340.144677
101340.197796
101340.469001
101340.39398
101340.50634
101340.644902
101340.671723
101340.734045
101340.777736
101340.805203
101340.837827
101340.841289
101340.878429
101340.84975
101340.913712
101340.8513
101340.986699
101340.986001
101340.868585
101339.532277
101339.434518
101339.531631
101339.660146
101339.764448
101339.878285
101339.959113
101340.061795
101340.048674
101340.357906
101340.267401
101340.46717
101340.566891
101340.614291
101340.693287
101340.742123
101340.777029
101340.814476
101340.823847
101340.86343
101340.843371
101340.907234
101340.866881
101340.997466
101341.066821
101341.038649
101339.429906
101339.337478
101339.429472
101339.530572
101339.65601
101339.752643
101339.863459
101339.942687
101340.041134
101340.221691
101340.202108
101340.460423
101340.467571
101340.549618
101340.644265
101340.700048
101340.744033
101340.787071
101340.802982
101340.845264
101340.833206
101340.896321
101340.871374
101340.991804
101341.083752
101341.111301
101339.333533
101339.244071
101339.333289
101339.428694
101339.527765
101339.647067
101339.738129
101339.845464
101339.961838
101340.048859
101340.058843
101340.358334
101340.346888
101340.483133
101340.582365
101340.649587
101340.70496
101340.754649
101340.778041
101340.823497
101340.819118
101340.88132
101340.867318
101340.975766
101341.066946
101341.119951
101339.240711
101339.162771
101339.240555
101339.33279
101339.4265
101339.520065
101339.63666
101339.718174
101339.872091
101339.875499
101340.115456
101340.224706
101340.235363
101340.424569
101340.506047
101340.589631
101340.658217
101340.716188
101340.748277
101340.797625
101340.800932
101340.862445
101340.856656
101340.953301
101341.034453
101341.095641
101339.159888
101339.08222
101339.159858
101339.240241
101339.331239
101339.420764
101339.510828
101339.623584
101339.743936
101339.792455
101340.064114
101340.063795
101340.116278
101340.346491
101340.41513
101340.519909
101340.602274
101340.670389
101340.712748
101340.767043
101340.77838
101340.83978
101340.8406
101340.926752
101340.996132
101341.056847
101339.079935
101338.981865
101339.080017
101339.159717
101339.239227
101339.326767
101339.414362
101339.501252
101339.631239
101339.630867
101339.94457
101339.844928
101340.117701
101340.246907
101340.312614
101340.441999
101340.535387
101340.616107
101340.670292
101340.730969
101340.751052
101340.813182
101340.819972
101340.897489
101340.956475
101341.013699
101338.980055
101338.867914
101338.980192
101339.080077
101339.159094
101339.235622
101339.321592
101339.407188
101339.487426
101339.611484
101339.812057
101339.814898
101340.039421
101340.113215
101340.203707
101340.356243
101340.45672
101340.552219
101340.619769
101340.688581
101340.718395
101340.782403
101340.795145
101340.866137
101340.917396
101340.970427
101338.866843
101338.729833
101338.867373
101338.980335
101339.079999
101339.156704
101339.230999
101339.316125
101339.386461
101339.517226
101339.651858
101339.609127
101339.970203
101339.951418
101340.111456
101340.259882
101340.366212
101340.47818
101340.559937
101340.63888
101340.679691
101340.74694
101340.766244
101340.832842
101340.879109
101340.928645
101338.729844
101338.318785
101338.730192
101338.868222
101338.980476
101339.078648
101339.153619
101339.22615
101339.302506
101339.430865
101339.428074
101339.663206
101339.791373
101339.81916
101340.015844
101340.148845
101340.26611
101340.393916
101340.489851
101340.580822
101340.634057
101340.7062
101340.732944
101340.797292
101340.841203
101340.888286
101338.320975
101337.750548
101338.322459
101338.730651
101338.870365
101338.979807
101339.076788
101339.150414
101339.218952
101339.329701
101339.322657
101339.587679
101339.642232
101339.660793
101339.930894
101340.027249
101340.161482
101340.299837
101340.40901
101340.513459
101340.580466
101340.659285
101340.694724
101340.758911
101340.802629
101340.848787
101337.758697
101336.692554
101337.761743
101338.32496
101338.731635
101338.873077
101338.97879
101339.075126
101339.146012
101339.224666
101339.26056
101339.499017
101339.424388
101339.642682
101339.820699
101339.897076
101340.05223
101340.19643
101340.317807
101340.43609
101340.517886
101340.605262
101340.650718
101340.716807
101340.762319
101340.808897
101336.701856
101329.998194
101336.701375
101337.767487
101338.331568
101338.73395
101338.876885
101338.977829
101339.074213
101339.143715
101339.205484
101339.379755
101339.32475
101339.596659
101339.676664
101339.765967
101339.943211
101340.084994
101340.217753
101340.348538
101340.445431
101340.542956
101340.599899
101340.669838
101340.719203
101340.767588
101330.010455
101331.246724
101330.007853
101336.697322
101337.784038
101338.343947
101338.737589
101338.881897
101338.977052
101339.065569
101339.14802
101339.230724
101339.270023
101339.504247
101339.509985
101339.665475
101339.833026
101339.96805
101340.110461
101340.251326
101340.36267
101340.47145
101340.541137
101340.617034
101340.672007
101340.723314
101331.24127
101329.534536
101331.233359
101330.008611
101336.680065
101337.806389
101338.361087
101338.743712
101338.886154
101338.973767
101339.08584
101339.141217
101339.236398
101339.373932
101339.364049
101339.578682
101339.713585
101339.847676
101339.998343
101340.145641
101340.269831
101340.389964
101340.473271
101340.556918
101340.61879
101340.675288
101329.537407
101328.709993
101329.537253
101331.220078
101330.020077
101336.682998
101337.837457
101338.382892
101338.757911
101338.890482
101338.979728
101339.044613
101339.183559
101339.215558
101339.263307
101339.492256
101339.587137
101339.730867
101339.883538
101340.033272
101340.167881
101340.298492
101340.395575
101340.488202
101340.558731
101340.62157
101328.710026
101327.948595
101328.70916
101329.537986
101331.183559
101329.99058
101336.687964
101337.880958
101338.410581
101338.77651
101338.898063
101338.975115
101339.135763
101339.12527
101339.230685
101339.390064
101339.453867
101339.617318
101339.766451
101339.916293
101340.058378
101340.197496
101340.307577
101340.409806
101340.490135
101340.560999
101327.947723
101328.261531
101327.945491
101328.707482
101329.54141
101331.151471
101329.929418
101336.685851
101337.939258
101338.44647
101338.788481
101338.917677
101338.989374
101339.037488
101339.172879
101339.258313
101339.335742
101339.50806
101339.646934
101339.796708
101339.943212
101340.088386
101340.209708
101340.321402
101340.412058
101340.491915
101328.256154
101327.535413
101328.254594
101327.942931
101328.702637
101329.532663
101331.122665
101329.83259
101336.692354
101338.013294
101338.48046
101338.819623
101338.939524
101339.00046
101339.132954
101339.146902
101339.241178
101339.399659
101339.524228
101339.675881
101339.823908
101339.972565
101340.10307
101340.223255
101340.323851
101340.413471
101327.535414
101330.450563
101327.53808
101328.250734
101327.938721
101328.699242
101329.510692
101331.095799
101329.679443
101336.845731
101338.077757
101338.507893
101338.832865
101338.962684
101339.001898
101339.047819
101339.162602
101339.287634
101339.402801
101339.555447
101339.701896
101339.851993
101339.988946
101340.116288
101340.225969
101340.324956
101330.451371
101325.319187
101330.451215
101327.544821
101328.237902
101327.922019
101328.696101
101329.472403
101331.075339
101329.441392
101337.004896
101338.237627
101338.495462
101338.921632
101338.954827
101339.014542
101339.109872
101339.182505
101339.290996
101339.437076
101339.578139
101339.727847
101339.8691
101340.002001
101340.119065
101340.226825
101325.325008
101325.533007
101325.324278
101330.447736
101327.567066
101328.22456
101327.895051
101328.6902
101329.418525
101331.072728
101329.169487
101337.039345
101338.399821
101338.510725
101338.912932
101339.005814
101339.056884
101339.096544
101339.191264
101339.321961
101339.454687
101339.60204
101339.744452
101339.881441
101340.004842
101340.119743
101325.534194
101325.119633
101325.532561
101325.324216
101330.432899
101327.578056
101328.206091
101327.858575
101328.675274
101329.352872
101331.050273
101328.994203
101336.868364
101338.621207
101338.742697
101338.988128
101339.030865
101339.043796
101339.113708
101339.213525
101339.333681
101339.475565
101339.616961
101339.756165
101339.883936
101340.005347
101325.123355
101324.483845
101325.12367
101325.528919
101325.326631
101330.443719
101327.585843
101328.18042
101327.809519
101328.688189
101329.305591
101330.974352
101328.725555
101336.853178
101338.671432
101339.02739
101339.047643
101339.043517
101339.063394
101339.120019
101339.219642
101339.350651
101339.487111
101339.626772
101339.758627
101339.884458
101324.486718
101324.058131
101324.486426
101325.124352
101325.518274
101325.319152
101330.472099
101327.5955
101328.156528
101327.770974
101328.697751
101329.207024
101330.793977
101327.989695
101337.28711
101338.888187
101339.23189
101339.122084
101339.064661
101339.052395
101339.115275
101339.227564
101339.357303
101339.495283
101339.628322
101339.758933
101324.058561
101324.316217
101324.057829
101324.485871
101325.126931
101325.512932
101325.305482
101330.521139
101327.599289
101328.137568
101327.718234
101328.73527
101329.231223
101330.558741
101326.782549
101337.728212
101339.448784
101339.32529
101339.138947
101339.034055
101339.031569
101339.108256
101339.224032
101339.360801
101339.496595
101339.628798
101324.314832
101325.020225
101324.314636
101324.056522
101324.484732
101325.129902
101325.505912
101325.290337
101330.611015
101327.57297
101328.13746
101327.619419
101328.748332
101328.980649
101330.643764
101323.881118
101340.263567
101339.665767
101339.352869
101339.097345
101338.97653
101338.996666
101339.090248
101339.223004
101339.360302
101339.49699
101325.018892
101325.195115
101325.019097
101324.314373
101324.053155
101324.484947
101325.13242
101325.494055
101325.275565
101330.775285
101327.518633
101328.148398
101327.47097
101328.721469
101328.903534
101330.453832
101340.517179
101339.828541
101339.285144
101338.981357
101338.896203
101338.938748
101339.073316
101339.222315
101339.360747
101325.193719
101325.419728
101325.193854
101325.01914
101324.313623
101324.050123
101324.484998
101325.135987
101325.474268
101325.245598
101331.005078
101327.499667
101328.11463
101327.355355
101328.676537
101328.727578
101340.933838
101339.730855
101339.058734
101338.83913
101338.786417
101338.904171
101339.067348
101339.222966
101325.416748
101325.384844
101325.416524
101325.193802
101325.018602
101324.310484
101324.045203
101324.486489
101325.140569
101325.443558
101325.193182
101331.230767
101327.560402
101327.976051
101327.161235
101328.674861
101340.694353
101339.301846
101338.840884
101338.542338
101338.697598
101338.896888
101339.06776
101325.383377
101325.273623
101325.383812
101325.415412
101325.193101
101325.01879
101324.305615
101324.011329
101324.492291
101325.144377
101325.405585
101325.210173
101331.195642
101327.823503
101327.484661
101326.974398
101340.027935
101338.978102
101338.284106
101338.406987
101338.673515
101338.898174
101325.267717
101325.231738
101325.266836
101325.385011
101325.411014
101325.193366
101325.01938
101324.297287
101324.08854
101324.499956
101325.144883
101325.407414
101324.813924
101333.262192
101327.606417
101327.293471
101339.4708
101337.08495
101338.004229
101338.395526
101338.673145
101325.234671
101325.236006
101325.263934
101325.388911
101325.411069
101325.194483
101325.019891
101324.28727
101323.836756
101324.519655
101325.149555
101325.353676
101331.848977
101327.355182
101325.284879
101334.052622
101337.050526
101337.969255
101338.400117
101325.240562
101325.253076
101325.388167
101325.411918
101325.196273
101325.020459
101324.265336
101324.260687
101324.507137
101325.144339
101332.156963
101327.062025
101326.718414
101336.518398
101319.853416
101337.08266
101337.975768
101325.258197
101325.252562
101325.38605
101325.411974
101325.198365
101325.018777
101324.238595
101323.492794
101324.513725
101330.374057
101326.232787
101325.977301
101327.083488
101336.6848
101327.882006
101337.056495
101325.258323
101325.253617
101325.383677
101325.410544
101325.198727
101325.016743
101324.22609
101324.490538
101330.442383
101325.747413
101326.613806
101328.966841
101326.157876
101337.067904
101326.735532
101325.251529
101325.254439
101325.380677
101325.407229
101325.190944
101324.999604
101324.087983
101322.874978
101329.001565
101326.259184
101326.533488
101327.597788
101328.744007
101326.398471
101326.836021
101325.241813
101325.254782
101325.375097
101325.40106
101325.16479
101324.918507
101324.105223
101324.279121
101329.344331
101326.012604
101326.019366
101326.97201
101327.371101
101328.836763
101326.880731
101325.228279
101325.254855
101325.367707
101325.389385
101325.158049
101324.873472
101324.007316
101323.211919
101328.733097
101326.622327
101327.050355
101326.895597
101326.838303
101327.403273
101325.211383
101325.255233
101325.361485
101325.383214
101325.140103
101324.874454
101323.968587
101324.221397
101331.729562
101319.596304
101326.50978
101326.878318
101326.823495
101326.845728
101325.195196
101325.256822
101325.354569
101325.365671
101325.162169
101324.7407
101324.00414
101323.331043
101329.711165
101320.701936
101326.915672
101326.736573
101326.897044
101326.829441
101325.180216
101325.251238
101325.352835
101325.378584
101325.107603
101324.883388
101323.936101
101324.167972
101329.538207
101320.970253
101326.978991
101322.975141
101326.703036
101326.893539
101325.165242
101325.263962
101325.348773
101325.349534
101325.146714
101324.738319
101323.981126
101323.242212
101322.791163
101329.108127
101326.095585
101323.195037
101325.370248
101326.701197
101325.156704
101325.257515
101325.350237
101325.371598
101325.113256
101324.871014
101323.930392
101324.342522
101325.951425
101322.698518
101329.135118
101323.563864
101325.065664
101325.133395
101325.257589
101325.371788
101325.350957
101325.135043
101324.748726
101324.127122
101323.60887
101323.976478
101325.825618
101322.73768
101324.973441
101325.146497
101325.264476
101325.357586
101325.365329
101325.110528
101324.951197
101324.119649
101324.479325
101324.608755
101323.906515
101325.834746
101325.147919
101325.247769
101325.371165
101325.339432
101325.133813
101324.863386
101324.323634
101324.151914
101324.583371
101323.915733
101325.174208
101325.260544
101325.351226
101325.349687
101325.076832
101324.98863
101324.227829
101324.256505
101324.577723
101325.147741
101325.244147
101325.350977
101325.33751
101325.122998
101324.84163
101324.341181
101324.245097
101325.152255
101325.24105
101325.336431
101325.333289
101325.0724
101324.915158
101324.298629
101325.119094
101325.244096
101325.324387
101325.302035
101325.045355
101324.879926
101325.083652
101325.264348
101325.305229
101325.2861
101325.055732
101325.018413
101325.24315
101325.293644
101325.288549
101325.005646
101325.23931
101325.294023
101324.994298
101325.237859
101324.993844
)
;

boundaryField
{
    inletfuel
    {
        type            zeroGradient;
    }
    inletair
    {
        type            zeroGradient;
    }
    outlet
    {
        type            fixedValue;
        value           uniform 101325;
    }
    leftside
    {
        type            zeroGradient;
    }
    burnerwall
    {
        type            zeroGradient;
    }
    front
    {
        type            wedge;
    }
    back
    {
        type            wedge;
    }
    reacting_to_fluid
    {
        type            zeroGradient;
    }
    reacting_to_solid
    {
        type            zeroGradient;
    }
}


// ************************************************************************* //
