/*--------------------------------*- C++ -*----------------------------------*\
  =========                 |
  \\      /  F ield         | OpenFOAM: The Open Source CFD Toolbox
   \\    /   O peration     | Website:  https://openfoam.org
    \\  /    A nd           | Version:  10
     \\/     M anipulation  |
\*---------------------------------------------------------------------------*/
FoamFile
{
    format      ascii;
    class       volScalarField;
    location    "0.3/reacting";
    object      Qdot;
}
// * * * * * * * * * * * * * * * * * * * * * * * * * * * * * * * * * * * * * //

dimensions      [1 -1 -3 0 0 0 0];

internalField   nonuniform List<scalar> 
1571
(
2.83374855804
4.95034248743
418.897640034
10.8404386628
750.494832912
21160.9383407
3174.40194245
53913.2795828
755899.837974
454027.130929
3741813.45179
6611823.69388
138923331.482
37508939.4099
10154725.1298
741825127.966
76366204.4065
35719419.1724
9754272.02779
251368962.018
1885059769.58
171836524.355
25060660.1442
8603531.55971
89711456.7847
462124757.854
1565717517.54
464553.964343
4325641.13156
16459078.6376
6663998.90827
31790139.1621
120317429.756
314431706.809
574806584.129
5915.22689936
33046.1580301
406819.865776
9662546.49117
4528392.24302
12692472.0634
34655409.3478
70185195.8687
614613992.853
52057042.8854
94.2990252721
1137.94800671
14100.7280517
51892.2746135
5287283.00957
2800932.18641
5315077.91788
12466142.9375
24296508.1279
230700282.124
69467070.5316
1829635.83377
29.6409390276
847.674207899
7044.32482216
11337.8574595
2776873.29048
1594044.48249
2408349.03309
5190338.90003
13508285.8684
111787941.635
66624019.1254
7224022.65331
79842.583104
33.6671595656
715.789794242
1901.64925368
2501.71874212
1445678.41103
855435.413628
1216476.54581
2472012.29205
7137332.1354
79282547.2448
98750315.1364
6835682.17086
390980.628377
10620.4499489
34.6083408873
240.92722811
466.936518941
482.145083784
763318.907537
456271.403417
734098.774627
1491022.36415
3974636.35074
35582229.9347
161093211.886
5649004.93593
720416.441625
25578.3703013
1925.14019444
15.8454404996
67.683329202
96.1509503875
78.3330606678
444680.586252
269242.912178
553265.385662
1166123.34969
3112386.03175
18748147.4098
235031657.514
7145192.52756
810181.19153
55339.7360882
4359.3256529
303.791455328
5.19352525395
15.6879617089
16.4904430804
10.7101754852
299683.261594
183080.444617
465797.21967
1070229.63261
2972959.81474
16777306.6031
105426104.405
12072734.7822
735436.070296
87381.6606127
7505.0750066
784.410003705
40.8804577675
1.38396277657
3.00852980903
2.36878211562
1.2378187651
231738.986927
145896.126946
398644.225872
941147.952888
2893477.54387
16514520.5808
101097648.135
33871552.9528
753175.042006
106814.104161
11036.8114323
1461.86236944
115.97656873
4.68279444963
0.303185539821
0.480280665841
0.286667412753
0.12163352929
197468.601246
134189.601663
345158.71712
774163.239643
2406902.92914
15050703.7788
97281970.3339
60945684.9419
951738.458726
114669.935172
14581.7624582
2227.40702975
248.512551569
14.1553840308
0.458031421225
0.0545241314626
0.0636058687912
0.0293224731344
0.0102183511475
183801.223869
140334.395186
317107.465298
639392.206356
1806361.73989
10640615.2088
81090495.7709
85383583.2763
1320034.93881
121279.630505
17697.3900127
3009.48410789
431.813098486
33.9032880958
1.44964986745
0.0383909510128
0.00812897899072
0.00705402547408
0.00255174182409
0.000736979598215
190698.501299
163154.513347
323720.130753
570071.829084
1446969.10192
6580489.40398
48213418.0724
115465823.973
2107575.19006
129376.996891
20586.8558658
3778.31755823
647.673897521
66.9715356379
3.78626119227
0.125895209507
0.00276599793667
0.00100669595831
0.000658730812734
0.000189848582242
4.60273594083e-05
217277.075295
194902.149769
357931.580841
572671.629906
1277139.24967
4989819.02321
24216590.6549
154306269.061
3875953.32038
143206.915152
22705.9522967
4504.27214213
882.460779492
114.002245815
8.3202695769
0.352331338683
0.00934235960238
0.000172878416798
0.000104080644065
5.21355605783e-05
1.21720012983e-05
2.50429789748e-06
250412.806252
221994.314872
390454.680838
615576.383841
1280810.22695
4368792.51673
19451749.1601
120573738.771
6923883.90958
173803.750833
24722.3773292
5161.05764043
1123.5029487
174.151545292
15.8700935446
0.8472157711
0.0276784996827
0.000599536237056
9.43225795985e-06
9.0348671201e-06
3.52248909143e-06
6.7670540848e-07
1.2030466281e-07
273325.419627
241584.868849
398620.599243
635984.750537
1348231.87387
4408365.43498
17439814.8165
105601580.445
18368591.2525
235916.199738
27575.8784419
5757.80071931
1363.00186585
245.376921894
27.0955137407
1.78548218233
0.0718396278853
0.00186552834922
3.35340487403e-05
4.56774577357e-07
6.60224548556e-07
2.04585009034e-07
3.29428009841e-08
5.16162772603e-09
287070.898424
260445.472358
395949.280366
607863.068781
1314002.05343
4374246.13346
17517588.8377
93071593.5642
27146358.8813
364469.780901
31486.5381456
6378.39951899
1598.76388898
325.509791614
42.4281665905
3.37412263513
0.165229267608
0.00517366354191
0.000109022970032
1.66814483259e-06
1.98824932258e-08
4.09826669656e-08
1.02727736611e-08
1.41933617343e-09
2.01964038932e-10
301932.276594
284821.845774
400567.646212
573018.484852
1164533.36339
3927179.08363
15877257.6445
83871470.4925
49453819.0107
545855.934382
36354.2495508
7099.10252628
1826.90910797
412.286122938
62.1114573551
5.83414211572
0.342151128692
0.0128541775746
0.000320626636424
5.65778948504e-06
7.48784840869e-08
8.07902409916e-10
2.15520120726e-09
4.50866112768e-10
5.44350011091e-11
7.29912887584e-12
324444.969498
311283.304112
418322.12436
559769.3761
1037205.18278
3112147.44147
12402079.908
66423620.0084
74653391.247
1184950.33987
43949.0643093
7813.93835196
2065.10182693
504.30162273
86.226390402
9.39262826393
0.648347344038
0.0289136982293
0.000853318744141
1.7564626387e-05
2.65245680723e-07
3.1985799843e-09
3.14379038009e-11
9.74242253817e-11
1.71942560151e-11
1.88503946154e-12
4.09350715183e-13
348810.630578
333423.158933
436972.293999
569130.569116
978127.856493
2588628.29595
8608436.19489
42821031.9991
108851206.926
3077990.27227
63056.5186126
8747.95414092
2303.45237228
601.950018717
114.805754123
14.2702375234
1.14159143019
0.0596134175317
0.00206778921602
4.97408291724e-05
8.67668392259e-07
1.19672449686e-08
1.37309861789e-10
2.97122858739e-12
3.75435791011e-12
5.84042098377e-13
7.77162875765e-14
1.25882941393e-12
367705.547081
350039.863644
447424.020155
576579.914135
965526.964885
2380041.26479
6813653.84299
25436042.6766
146252520.091
6007492.20721
111788.432686
10400.43478
2567.40697846
703.719002041
147.729320628
20.6881208321
1.89055898668
0.114063979389
0.00460307933338
0.000128822843808
2.60231226516e-06
4.13272120448e-08
5.69327935453e-10
1.91143433394e-11
5.82565430537e-12
1.25035485386e-13
2.7089558386e-14
3.04660641591e-12
380845.084654
365616.251355
451947.409969
571519.149826
938533.305632
2286866.32716
6294836.3735
20327949.8762
93809902.4557
11516388.9837
185386.376861
13355.4999527
2906.65674601
810.983245916
184.879139457
28.842029481
2.97534070578
0.204773703498
0.00950539111359
0.000306999997441
7.15296775245e-06
1.30514562226e-07
2.15540040124e-09
9.80898165008e-11
2.66567487583e-11
7.4125213193e-12
6.61635730068e-15
393800.799362
384718.885565
458617.669517
561298.294959
887722.02442
2094450.86402
5917619.16036
18868200.8469
77798535.7934
22070409.2015
373728.525078
18080.6384193
3378.67405103
931.82797106
226.454613917
38.944345719
4.48557356051
0.348239572088
0.0183841655692
0.000678392849101
1.80909767021e-05
3.7660877902e-07
7.36269316117e-09
4.10159141849e-10
1.0690383068e-10
1.83080973707e-11
411238.76092
404484.943047
472068.614587
557730.059716
836663.415301
1849610.9189
5006478.02659
16950910.3781
69043352.0381
40241408.6535
782628.822605
27470.3744624
3999.3739816
1072.53782223
273.218203804
51.1998260831
6.52437686169
0.565522597861
0.0335917758371
0.00140181737893
4.23714352967e-05
9.97112348317e-07
2.26718103726e-08
1.43151910067e-09
3.64574071522e-10
4.99164730963e-11
429286.470813
420090.900938
485913.979517
564671.351429
806008.76928
1650818.95293
4104726.89476
12762536.1078
56817310.2705
65330758.9033
1841034.53414
42454.1621698
5053.06795097
1248.09631896
326.725631237
65.9280482916
9.20620930401
0.883194907836
0.058454023455
0.0027304202937
9.26133741075e-05
2.43888654732e-06
6.34107737438e-08
4.25754313594e-09
1.01362929428e-09
1.52576477803e-10
442737.286915
432159.788673
494182.640732
571418.041907
795502.806099
1533036.20685
3511144.3766
9632223.42253
36005137.6268
94223571.9489
4745011.08704
75877.0612342
6648.43283951
1482.38361806
389.558971639
83.4651868075
12.6704050284
1.33408124902
0.0975266163978
0.00505296364103
0.000190403854264
5.55726361735e-06
1.62492416556e-07
1.11595646971e-08
2.42072516122e-09
3.76087311205e-10
452767.765631
445308.182864
499424.408728
571175.292312
782456.868453
1464255.76617
3183225.71988
8069298.08016
24206802.0104
117328617.66
8233675.43791
173725.760774
9240.80929795
1813.63877473
466.861272729
104.551393029
17.0729176954
1.95909326825
0.156965977976
0.00894345472306
0.000371112375494
1.18955624086e-05
3.85841104511e-07
2.61361943211e-08
5.13554790233e-09
8.24066753887e-10
464429.957396
461863.842842
507640.524205
568847.105759
759214.817323
1378360.22423
2957419.01795
7150777.28012
20191142.906
70954243.1884
15145352.2818
367451.997662
14675.4213019
2281.24309962
565.328166761
129.993299117
22.643623078
2.80798139124
0.244891662437
0.0152372580238
0.000690501977866
2.41197889892e-05
8.56731276112e-07
5.62841789311e-08
9.97684067593e-09
1.64575913329e-09
479907.440609
481021.72227
520607.343126
571726.898238
737257.66916
1276060.85924
2654972.22762
6431235.18464
17916979.3808
61441425.4063
25443818.0641
1005213.25609
25186.3049231
3092.12935722
697.213048733
161.736506127
29.6416904369
3.9469675339
0.372059952508
0.0251100907234
0.00123454085788
4.66654122579e-05
1.79756551614e-06
1.13013317043e-07
1.81409233077e-08
3.06043553906e-09
498100.71773
501060.612916
536541.836052
580772.846592
726579.883195
1193026.22598
2342351.34626
5456868.50266
15122033.1081
53760373.5499
40418621.0518
2274101.55949
52173.545091
4264.53573632
887.603067083
202.031705584
38.5557967561
5.45724889721
0.5528766318
0.0402306058961
0.00213237120955
8.67484324244e-05
3.58831611476e-06
2.14012379442e-07
3.14907191224e-08
5.38228259312e-09
517191.212621
520517.994288
553418.106832
593147.184318
725545.282581
1142299.55541
2116792.8747
4579576.87296
12047776.3475
41009329.1584
57547954.351
3498229.84455
101520.629496
6577.06127596
1160.88037017
256.862482234
50.0220949281
7.46083071802
0.806496962233
0.0629209780704
0.00357703967952
0.000155837903288
6.87760823192e-06
3.88278043689e-07
5.27515598515e-08
9.08773620784e-09
535691.056597
544532.1548
569701.701891
606551.252396
728695.616476
1110399.9436
1976964.25538
4025472.18691
9572226.9748
28530141.5575
72490656.4083
6383107.42789
171209.282596
10014.7299307
1584.83617136
332.777640713
65.235156678
10.1236114406
1.15975062949
0.0964869270157
0.00585366311042
0.000272036588577
1.27178088905e-05
6.79235557768e-07
8.64205250676e-08
1.48565759136e-08
559076.226129
587223.188294
591632.387773
619408.986841
733150.062597
1084518.75657
1871617.95539
3686168.28564
8199606.73961
21462765.2735
77983194.2607
10723386.202
364121.23172
14528.3620169
2173.77925455
444.860832483
85.7555936512
13.7025615294
1.65064128879
0.145580271203
0.00938822641132
0.000463609833593
2.28538620456e-05
1.1604064033e-06
1.38929179315e-07
2.37682251965e-08
602180.962446
703456.911977
635679.909725
639095.4012
737336.578324
1061174.47186
1774828.09735
3400099.61474
7382309.23981
18223335.3411
56680531.8514
15161488.1081
937662.509914
25131.4598793
2962.27567688
599.379685079
114.79127267
18.5850014933
2.33220621538
0.217024888713
0.014807881318
0.000774858839064
4.00879601982e-05
1.93735448328e-06
2.21595449832e-07
3.73383823178e-08
721491.241456
1100283.47918
761871.382634
684544.390977
751325.389056
1039438.11817
1685004.23245
3125846.1451
6621658.01513
16194014.854
48669198.8065
22401042.5437
1754905.86953
53837.584244
4164.6215664
808.391891747
155.009529776
25.429600062
3.28649726918
0.320271294764
0.0230579711875
0.00127465367342
6.89706289514e-05
3.20385857527e-06
3.49891809596e-07
5.81323222092e-08
1132964.36779
2762173.13209
1206238.20409
820785.352897
800188.233097
1036557.0045
1604250.4934
2875867.99627
5876203.24006
14088217.8204
41323471.7987
31210216.9259
3009967.29569
96072.7704755
6502.68215457
1095.18553321
210.733501672
35.0423022506
4.6363293839
0.47019025603
0.0355148615918
0.00207050083724
0.000116888398175
5.22217501703e-06
5.53782119887e-07
8.96339175024e-08
2865690.70703
4142650.66377
3097775.38037
1313630.36776
959751.29393
1095745.76238
1563641.54467
2660432.77057
5225878.3555
11872125.0622
33579397.4054
38372014.7354
4299274.11772
183197.234584
9501.36627181
1512.12376752
290.801974422
48.6739860586
6.56572202276
0.688120698511
0.0543372384573
0.00332928805762
0.00019550805932
8.52426356169e-06
8.72196490441e-07
1.38382619454e-07
4263975.94817
5132407.18995
4534586.79904
3440567.15547
1567090.46094
1313871.31502
1645691.57654
2537253.31421
4692235.00361
10127238.3438
26337483.53
43968121.2307
6479366.18222
340052.66354
14092.7325369
2069.06824592
404.053957541
68.4113820238
9.35631296238
1.00840028961
0.0827198016403
0.00531452293888
0.000324388648279
1.37736443847e-05
1.39848078103e-06
2.13185167336e-07
5257387.64871
5950352.53312
5536376.52679
4927249.78166
4246393.88655
2220565.06938
1968453.34211
2672033.4224
4394149.21272
8815947.7406
21236614.8183
48166233.7738
8551943.34308
625283.662101
24112.3199554
2793.47876418
554.347743571
96.439781659
13.4581652099
1.48228860889
0.125810978123
0.00844225207922
0.000533261539495
2.24780484846e-05
2.25982720394e-06
3.34465694709e-07
6078645.75415
6715108.59162
6365085.68368
5941607.28198
5839814.80332
6302356.17902
3453993.27626
3172274.34425
4644789.70782
8154132.67641
18070845.1834
49611281.5343
11140111.5399
1158413.19196
39828.0519875
3855.74000281
752.275614934
135.573739079
19.4405386398
2.19334556313
0.191530619893
0.0133774312576
0.000875462222121
3.63259829286e-05
3.7021863842e-06
5.30890913674e-07
6855754.91232
7743843.40956
7171344.86415
6780961.87521
6894991.70698
8103859.76912
10137253.3213
5801879.48702
5424252.86216
8612179.67932
16563554.9549
42618573.2114
12704014.3589
1769123.95
77599.9752121
5340.84358306
1002.64546798
189.38704115
28.205163547
3.25682380339
0.292882185403
0.0212058949672
0.00142710038225
5.97382040069e-05
6.06165111032e-06
8.55611409791e-07
7906677.28893
9038507.1909
8270863.30521
7633522.68241
7759593.64767
9288829.91062
12180810.5006
17288437.7461
10354585.0647
9930574.62904
17119159.5031
37539711.8501
15174117.9417
2354737.04789
138593.875027
7857.37346286
1339.42248876
262.174360272
40.8753560599
4.87354439943
0.449552688163
0.033687121641
0.00234122651701
9.71252250893e-05
1.00859884647e-05
1.38581626564e-06
9221159.27762
10926713.1493
9632070.70208
8799879.5292
8738544.36909
10238462.2058
13651001.3758
19477806.9537
30700611.7758
19476625.0134
19630604.3834
37832589.1537
17043323.9725
2854650.80365
266470.466199
12013.9763256
1796.99470316
360.920646666
58.9392915639
7.30337138396
0.695560927473
0.0537483569622
0.00381772976311
0.000162130223083
1.67513039426e-05
2.28036381969e-06
11147514.9701
15747564.5281
11641241.3457
10236845.4764
10050384.4965
11603180.8002
14956728.6695
21818428.1632
33498605.0325
56949385.1233
39052906.0116
40174404.813
16530897.3129
3760257.9231
377689.203911
19422.4034806
2424.3656886
493.170070813
84.3255254619
10.9596210128
1.08154120509
0.0863231891163
0.0063161205398
0.000266902598619
2.84451455541e-05
3.76797323222e-06
16101098.8353
16697742.6305
16892015.9259
12359099.9247
11689282.2797
13247399.901
16889413.8474
23903735.7974
38172573.3475
55082477.3148
38041135.9147
28363523.6156
14646319.7505
3776528.57705
481278.964622
31752.2854759
3181.26899248
667.046271074
120.786246413
16.4568495867
1.69297263064
0.139748023454
0.0104258994494
0.000456023105443
4.81119350835e-05
6.35437252246e-06
16627941.5633
9526845.6517
16471463.784
18044514.5293
14066494.6447
15440534.4407
19404565.7972
27204778.9672
42491459.6495
45803986.1242
31074711.5422
17588383.6311
10078961.1108
3835269.97302
549323.820085
39816.9591958
4212.95846588
880.578860495
171.029631023
24.8595047745
2.66538084727
0.228449865021
0.0175714394786
0.000765821902472
8.39643490216e-05
1.07546321288e-05
9492974.93819
5443679.52509
9417252.73906
16247314.8449
20785056.1137
18423545.2909
22597448.6167
31645942.6218
48537627.7353
38943566.5878
26363360.4694
15110388.9276
5803166.1661
2470607.60088
455822.211692
56609.3465311
5320.28382211
1139.33157722
239.985999566
37.4605222901
4.24384697033
0.378314505548
0.0297436805186
0.00135929223569
0.000145340237755
1.87026521019e-05
5426271.17653
3061484.06656
5387297.54269
9308008.86331
15711157.702
24853763.7168
26619995.9777
36390751.7818
38493889.1376
31513199.8288
22906508.9107
12875555.1047
4965192.47136
1091917.57056
232696.190458
41686.3507442
6240.01241914
1416.0682962
329.108633911
56.5690853107
6.83696518122
0.638329598795
0.0519417869739
0.00235497253856
0.000267917595634
3.25748384185e-05
3050612.71026
1702823.34318
3026756.29267
5331160.89305
9049018.18756
14488276.8073
21306447.7904
28342645.1948
29162275.2471
25186322.262
18511524.3357
11658176.8452
4733603.69989
1176351.3651
168535.365613
25616.6846295
6649.711537
1675.53700222
441.904159474
84.9715449367
11.1891877466
1.1053920976
0.092496038904
0.00446336874283
0.000485715770913
6.00292228494e-05
1697619.72875
942925.967484
1686078.6805
2993354.31875
5198563.94285
8463497.53988
12721054.6427
17056606.1099
20905171.8382
19402667.2409
14949922.6553
9419718.85729
4642928.04917
1363726.63379
323970.661227
40829.6121931
7778.63979169
2095.75006188
573.819688613
127.410331755
18.7987379612
1.97905150903
0.173855926948
0.00827369660224
0.000958295048485
0.000110085571236
940089.752224
502854.216627
933839.252688
1669657.52034
2917245.1507
4884449.77476
7585401.82837
10552228.4114
12724289.2503
14225141.4283
11725684.4884
7842876.47841
4045732.17117
1557114.80315
484522.532994
169277.10784
19970.3724247
3307.90657833
880.017470527
194.000383148
32.2653392629
3.76974810946
0.34498853288
0.0177179741464
0.00187674700661
0.000219962722666
501456.428865
263381.492023
498387.26001
925046.746787
1632110.74179
2748077.19901
4396742.64443
6382946.91504
8111249.36786
8825071.85354
8888352.44399
6379253.13286
3549884.94315
1510253.58394
547128.0503
136898.831157
8858.42659135
1665.74200556
376.111192839
60.0384260048
7.55836804867
0.76984955258
0.0387131333078
0.0042567094856
0.00043690680956
262900.944016
134098.33164
261834.936462
494098.100801
905070.481549
1548021.74923
2506331.28133
3781139.35439
5074658.54028
5812905.43398
5557780.14286
4985929.04975
3127896.59121
1422958.14598
562329.244751
175446.312484
4698.56779173
870.99725086
158.753839179
17.9446347738
1.90720216273
0.110066917536
0.00984786228939
0.00101487229666
133862.751059
64030.621363
133327.787997
260327.403867
484400.089385
860492.049522
1424294.42466
2190414.91125
3085562.35416
3812462.42711
4028921.45444
3196396.76564
2536770.21237
1411540.5109
555310.730795
192319.06029
2848.94751291
463.589164723
79.6123631598
5.80272152605
0.334526204178
0.0318202683352
0.00238268466512
63907.2287644
28373.1419856
63632.1255825
132553.718867
256802.977063
463188.985307
795211.14845
1260798.45408
1819372.43822
2380921.13477
2755555.58406
2952247.5087
1736731.56313
1215880.16778
630701.723717
208955.958183
1868.40296
307.571691592
28.4837294747
1.66560123676
0.107070340331
0.00810826684842
28319.2869916
12285.4997273
28198.5341488
63240.2695838
130692.096821
248607.441833
433280.131385
709803.40671
1064180.9701
1427017.38297
1734428.20322
1914574.49566
2516937.74173
879179.548302
586767.740978
338642.467349
1288.69975975
177.499355871
9.27673284007
0.694467571195
0.0285309654481
12254.6124187
12185.4286852
28024.6827342
62319.8480075
126114.323443
235006.463525
394493.320718
608725.740062
849576.268071
1046009.36945
1162190.45868
941722.017453
440414.093525
312721.647616
68083.5304632
362.719186385
69.1532794485
4.63577570342
0.216718229291
12087.42613
27614.4903502
60116.8261015
118667.153686
214893.762447
345621.812075
497472.306886
631791.295504
692652.413571
484466.861563
244227.526718
134465.504354
12747.3604592
217.666888307
986.305220964
42.6926030096
1.5953320048
11864.4031956
26609.4817035
56636.2753386
107657.775822
187449.589213
285278.713834
377171.988776
415597.675479
271295.986532
147167.316021
59570.1666613
4142.80635282
235.519251016
177.730996186
450.14262226
19.2050087948
11344.4685872
24950.3372702
51511.3939141
93010.1799711
152029.655366
212887.185097
242404.279694
149015.914028
93417.0272267
27046.89141
3247.6174487
202.58358169
252.297301754
535.979008083
206.25379145
10567.0469345
22548.0598186
44367.3327818
75445.4558901
111401.426958
132073.736518
101814.34766
14260.15059
60731.2272798
11116.8792038
1103.99211668
149.90853614
201.372752075
301.580361122
102.247417472
9525.30525329
19460.2047926
35590.0963413
56088.4718516
72344.239281
64544.7801247
29850.6479788
4632.86494298
40312.52641
4382.62020276
243.52246666
106.411051658
138.087214729
135.210344666
52.7648155163
8265.37944944
15832.3614855
26306.1928186
36552.2702166
39710.15961
26727.87743
7470.39656371
1475.86593887
23206.7345853
1233.43499527
45.4714464063
74.4353620024
86.7335480481
62.2075131345
6873.10410537
12021.1914585
17961.2431733
21169.051525
18568.1740891
9735.84656271
1639.71968175
476.469956469
11040.3434667
11589.7478075
131.863091473
50.1387615212
52.9447330838
30.5128079515
5430.75759158
8494.66369703
11161.9529309
10982.2164972
7556.33471662
3070.84040052
380.865548544
152.444419757
2651.57515184
4119.91553431
2303.84282166
40.0572661406
31.594526796
15.3288074658
4028.65405525
5548.12356249
6245.76608831
5063.3040633
2617.76712735
818.197114641
113.275914198
54.7575162899
313.492147104
1465.79102547
1835.16108866
618.126775431
20.0202303784
7.98754027137
2780.38653974
3323.01751923
3112.77640552
2014.48594431
771.568753403
219.134549892
43.5249180982
25.1920468441
267.895382113
87.6315460866
847.216364695
744.952279818
189.285066267
4.01289455708
1768.62474635
1808.74898825
1367.94307835
676.906470742
217.225047115
73.3947195308
25.2313033356
71.5369864189
204.365790321
88.8701761619
22.1491267655
428.307345371
336.797238073
1024.1612453
881.46374145
525.730285884
206.145494709
73.6018392046
29.9007536874
38.4418161794
154.411867623
147.599535694
76.7803458989
19.1287752981
236.86401749
535.174352336
374.738237491
178.628198839
70.3131554763
28.9705327652
25.2093906284
73.2137587728
126.478587197
99.1413908052
59.2906868465
16.2503301732
249.590576096
139.937989645
62.9516675331
27.2890168474
17.2354593587
37.4456050898
69.0558776542
66.4624392297
42.3997739958
11.6191823005
104.945152128
51.9588355705
24.6726365037
13.2811772684
20.0586707951
38.3847713719
43.8972799912
28.7647948843
8.04656420961
42.0503021417
21.2136620694
10.8986928875
11.652417991
21.4650045695
27.8068994333
18.3573176822
5.25963087447
17.6715872293
9.26874002512
7.29465187285
12.2652180053
16.3019021121
9.71988887276
3.09434260307
7.72850180528
5.12776175973
6.96719674043
9.62622975147
6.13024726618
2.16544827718
3.75926791393
4.1809398345
5.49710845077
4.09826425247
2.3909257324
2.53574664093
3.28908812052
2.70995130055
2.04471490175
1.89346400806
1.75792945782
1.55937594887
1.11686474531
1.08028312256
0.723907111049
)
;

boundaryField
{
    inletfuel
    {
        type            zeroGradient;
    }
    inletair
    {
        type            zeroGradient;
    }
    outlet
    {
        type            zeroGradient;
    }
    leftside
    {
        type            zeroGradient;
    }
    burnerwall
    {
        type            zeroGradient;
    }
    front
    {
        type            wedge;
    }
    back
    {
        type            wedge;
    }
    reacting_to_fluid
    {
        type            zeroGradient;
    }
    reacting_to_solid
    {
        type            zeroGradient;
    }
}


// ************************************************************************* //
