/*--------------------------------*- C++ -*----------------------------------*\
  =========                 |
  \\      /  F ield         | OpenFOAM: The Open Source CFD Toolbox
   \\    /   O peration     | Website:  https://openfoam.org
    \\  /    A nd           | Version:  10
     \\/     M anipulation  |
\*---------------------------------------------------------------------------*/
FoamFile
{
    format      ascii;
    class       volScalarField;
    location    "0.3/reacting";
    object      T;
}
// * * * * * * * * * * * * * * * * * * * * * * * * * * * * * * * * * * * * * //

dimensions      [0 0 0 1 0 0 0];

internalField   nonuniform List<scalar> 
1571
(
294.003337177
294.004718826
293.994625517
294.014171214
293.999006192
293.989383748
294.010566265
293.995152152
294.005637555
294.016911729
294.128758582
294.284456129
297.596706121
295.739128032
295.184899545
322.901138785
339.66128639
299.301748674
296.50129111
336.284462969
600.856441645
380.721014901
302.47438851
298.335987547
347.558260879
601.41643099
1603.43579202
294.689935697
298.600776792
308.689685807
302.421287181
366.562570837
570.848368841
1659.52165151
1048.83451683
294.014447031
294.11454772
295.995315746
318.799281709
309.374920221
385.178769979
549.96073319
1525.0336241
2469.37235091
425.43834242
294.004141331
294.010482279
294.08796491
294.573784432
330.489735427
315.44079751
400.710969416
543.008403309
1379.03146433
3020.5653544
891.785721188
307.950507299
294.003890308
294.010202362
294.046855206
294.116206233
340.407414258
325.499080006
412.787883601
543.200432085
1257.01682964
3052.20375054
1329.43646033
373.935857232
295.405176939
294.003457227
294.008084181
294.015827702
294.020980983
354.995796903
344.352068729
429.565711897
545.27680967
1161.41072304
2936.2352916
1631.41530629
482.950857829
301.57971795
294.151687875
294.002933546
294.005367845
294.006479818
294.006161275
376.228622313
366.70635639
450.471265273
553.352304151
1072.21743776
2682.59486113
1950.55562586
587.99658436
314.721504842
294.715328577
294.018739977
294.002454703
294.003726036
294.00396466
294.003850665
398.576460419
393.031266861
471.046465563
567.514810122
1009.31986293
2433.64945483
2756.57251651
632.403316757
340.290250728
296.084824075
294.073505365
294.005347648
294.001986262
294.002846009
294.003202125
294.003369019
424.455943026
425.354193803
494.531541855
581.481643641
962.084885991
2211.8819672
3172.78824122
729.444292138
352.425724182
299.112386713
294.21789987
294.010359148
294.003947545
294.001483667
294.002251428
294.002745855
294.003105287
455.86673394
459.673742718
522.929438803
598.28428735
925.968559547
2020.0004815
3144.72532401
816.899890404
371.429160709
302.927878178
294.531701943
294.024798881
294.004671679
294.003662981
294.00108874
294.001894478
294.002522388
294.002994896
488.240261258
496.453378349
551.067481652
619.955248406
899.170637461
1840.38416023
2969.26444913
935.478955037
394.808083656
306.140670773
295.185308354
294.059295743
294.00622635
294.004145014
294.003529552
294.000825093
294.001706722
294.002423533
294.002966398
523.238323165
541.353876557
582.301702167
640.725002823
885.652769707
1687.99826336
2759.19967935
1089.11039942
406.127035974
310.70700755
295.91579813
294.13996033
294.009756946
294.004678342
294.004003293
294.003480477
294.000664628
294.001636415
294.002395754
294.002964651
566.660514901
594.551582722
622.200607457
665.907245209
877.735956061
1554.45988802
2619.02715656
1338.88215449
419.175759982
313.182108069
296.788884126
294.280684302
294.017880485
294.005435762
294.004488751
294.003964567
294.003475207
294.000571563
294.001627547
294.002398005
294.002974247
618.085639477
651.882909884
669.463543162
699.82057052
880.20923389
1447.31964397
2439.63872935
1897.55404075
446.145272563
316.869583583
297.494015735
294.429379035
294.037099056
294.006454547
294.005075894
294.004454534
294.003965362
294.00348717
294.000521792
294.001641204
294.002412728
294.002972194
673.340419465
711.02518587
720.026220442
740.574292471
892.15042486
1358.90292109
2239.66511037
2457.80377729
513.805227156
323.286120348
298.693783515
294.618473039
294.058899839
294.008806572
294.005528331
294.005013932
294.004471028
294.003982683
294.003492876
294.000494218
294.001659448
294.002414673
294.002983728
730.281752825
772.100450435
772.102183026
784.307653027
912.300910126
1301.58918678
2048.76291968
2362.30488365
552.389717441
331.81311957
299.88662208
294.959496285
294.099549082
294.011779365
294.006341758
294.005486862
294.005019136
294.004503368
294.00399531
294.00350741
294.000479352
294.001662914
294.002426316
294.002977401
789.297270792
835.700113639
826.624362185
829.54456683
936.71179195
1265.51106643
1918.9455529
2375.79461311
585.204351609
336.775540072
301.397079876
295.195223729
294.171573671
294.018240743
294.007030017
294.006120365
294.005529102
294.005049776
294.00452567
294.004015919
294.003500269
294.000458651
294.001675167
294.002422557
294.002977637
850.99625894
902.151988121
884.182201151
877.881695893
963.832383082
1245.35219871
1803.624502
2413.32404143
698.164994885
342.213288515
302.671135776
295.625895847
294.223786505
294.02903138
294.008506749
294.006680905
294.006111208
294.005579867
294.005075143
294.004552279
294.004011067
294.003496701
294.000450677
294.001670591
294.002425252
294.002936579
915.695503667
970.804598766
945.088826438
929.745694478
996.520894568
1233.77938473
1707.16810498
2326.49063775
980.697112569
357.82722373
304.265145978
296.006166492
294.334112495
294.039869125
294.010083972
294.007579346
294.006727459
294.006149945
294.005614716
294.005104398
294.004556043
294.004005982
294.003411623
294.000426011
294.001673455
294.002378623
294.00320269
982.732069481
1039.75561905
1008.64544306
985.501358975
1034.33177344
1233.8499004
1627.48920951
2209.68383213
1278.81320399
387.756881373
307.219991011
296.489652571
294.446912635
294.061537628
294.012760731
294.008349893
294.007515958
294.006796367
294.006188811
294.005648929
294.005119105
294.004555367
294.003933608
294.003772718
294.000439691
294.001666721
294.002278625
294.020152544
1050.24226762
1108.51117807
1073.05695553
1044.35841749
1077.81031225
1243.58394507
1572.27978485
2106.66560902
1812.45065821
412.204396944
310.979944226
297.241176119
294.571988267
294.090546518
294.015838707
294.009507058
294.008311551
294.007562546
294.006848826
294.006229578
294.00567653
294.005125273
294.004522286
294.004280274
294.016732485
294.000398398
294.001777373
294.021689142
1117.75480498
1177.29560188
1137.89362009
1104.58963983
1125.69409811
1264.33277197
1540.51057082
2016.8642369
2301.28555193
476.122035799
314.253517996
297.871756006
294.795467234
294.117035959
294.021890383
294.010345383
294.009202188
294.008390652
294.007620366
294.006899281
294.006269443
294.005690137
294.005145421
294.004949275
294.013416752
294.018123721
294.000280615
1185.49039034
1246.17523881
1203.36951077
1165.80578708
1176.29460918
1291.77252862
1530.63266437
1948.37466216
2362.98544143
556.603089525
324.150451548
298.661934639
294.956107701
294.175899358
294.027124386
294.011906734
294.009923002
294.009220072
294.008456215
294.007678912
294.006954334
294.006288731
294.005756039
294.005636141
294.011816917
294.016021742
1253.47599736
1314.78868946
1269.4241306
1228.21975407
1229.22333705
1324.31608565
1527.36646195
1897.10762097
2338.68677855
690.825773502
334.840248283
300.483886537
295.252794254
294.219865465
294.039051929
294.01310452
294.010808422
294.009979029
294.009280806
294.008515304
294.007746315
294.006981708
294.006388112
294.006295966
294.011317248
294.015054632
1321.32077725
1382.73729121
1335.60211984
1291.64219849
1284.67266344
1361.69459912
1535.78473035
1844.66617061
2260.06175261
977.161006725
349.314483759
302.225298876
295.620129768
294.311872971
294.049223371
294.01571044
294.011497651
294.010734723
294.010050526
294.009343378
294.00859285
294.007779158
294.007116319
294.00696692
294.011408159
294.014720711
1388.59185272
1450.2446184
1401.40097963
1355.53176263
1342.10506183
1403.96544438
1552.10996713
1822.53101272
2199.60492018
1341.40138299
387.493258519
304.231997369
296.123136385
294.395285136
294.071625119
294.017920375
294.012598772
294.011441393
294.0107848
294.010111169
294.009426226
294.008632299
294.007946975
294.00773923
294.011715181
294.014779771
1455.52909561
1518.46690481
1467.09921105
1419.30065516
1400.77495076
1449.66797839
1576.4274591
1811.70676159
2186.79431117
2105.86731174
436.92100547
309.775484263
296.560114972
294.54753534
294.090805078
294.022681164
294.013784464
294.012356677
294.011523147
294.010848569
294.010199504
294.009465811
294.008835473
294.008625527
294.012379689
294.014976084
1523.26453933
1586.75275947
1533.7751767
1483.29054834
1459.91743009
1497.8089134
1605.48284166
1811.09686907
2147.39209994
2463.52755052
571.102558729
316.632257053
297.586227776
294.689704733
294.130807903
294.026907283
294.015090234
294.01338285
294.012433223
294.011609241
294.010941508
294.010243831
294.009684555
294.009562422
294.013201806
294.015404437
1591.11527657
1655.01648762
1600.67592126
1548.50124273
1520.02928647
1547.51418065
1638.52788415
1815.47481263
2111.43483342
2415.53182797
752.935477506
337.26453092
298.634355508
294.927361023
294.172880012
294.036113257
294.016650697
294.01432181
294.013414554
294.012527014
294.011728249
294.010985611
294.010479731
294.010450011
294.014076931
294.015959848
1658.96580152
1721.38337835
1667.6226043
1614.07993964
1581.91174048
1599.72058459
1675.02413947
1827.50485084
2077.90074351
2352.38096909
935.266546013
364.082965008
301.588375381
295.173878558
294.224394311
294.045330064
294.019076123
294.01549746
294.014407906
294.013507547
294.012653515
294.011790101
294.0112265
294.01127384
294.01498085
294.016618695
1724.96673158
1787.02345513
1732.82337036
1679.76475163
1644.47559876
1654.72469662
1716.28344427
1847.93248429
2066.32296027
2306.49138566
1270.81920195
384.599934234
305.018295263
295.798319148
294.304835527
294.056065233
294.021029504
294.016581705
294.015433208
294.014533983
294.013656204
294.012719137
294.012077754
294.012063199
294.015947964
294.017383724
1790.27764973
1849.99285899
1797.41434452
1743.84882104
1707.28315874
1710.88247455
1761.58274988
1874.71866142
2068.16688175
2310.94423714
1798.17610095
438.982286546
308.236117582
296.380260608
294.457944294
294.079132303
294.023709242
294.01768882
294.016391701
294.015489075
294.01467247
294.013744572
294.013054976
294.013017843
294.016994521
294.018266081
1852.97990459
1915.19603103
1859.53280779
1807.43443427
1768.8281624
1767.50306543
1808.35044094
1906.71642886
2078.96467375
2324.51885454
2328.08098251
591.803221737
316.899719971
296.937731156
294.579119142
294.11341537
294.029589981
294.019121515
294.01748673
294.016502108
294.015628749
294.014741406
294.014124326
294.014111893
294.018140306
294.019246982
1917.9902351
1980.27031882
1924.12125915
1868.73887124
1830.1308601
1823.61744946
1855.88278597
1940.24381161
2091.73443106
2315.03090818
2454.29868781
787.986854428
344.381463802
298.379700276
294.722225872
294.14026876
294.036253667
294.020934028
294.018725926
294.017586369
294.016668664
294.01572663
294.015093151
294.015213416
294.019316238
294.020313647
1982.95300081
2055.34646017
1988.8440023
1932.7381081
1889.59218336
1880.02669593
1904.15816933
1975.2370472
2106.98629308
2301.94836019
2439.68794944
1015.14322397
369.257774172
302.478421161
295.099670827
294.181255073
294.041910108
294.022853373
294.01977856
294.01878197
294.01776917
294.01676265
294.016129049
294.016235816
294.02052632
294.021441154
2058.32724382
2161.34292264
2064.87045371
1997.14067517
1952.2535309
1935.56010286
1953.5192373
2013.09366793
2125.68096947
2293.48770312
2414.66559426
1312.35023849
404.050277397
305.499762523
295.800426853
294.287306072
294.052802883
294.024448041
294.02123056
294.019813015
294.018929607
294.017902587
294.017195853
294.017366969
294.02177074
294.022647212
2165.35652941
2258.56406635
2174.12441328
2074.10062333
2015.92942213
1995.39360742
2003.45216994
2053.16443311
2150.81197718
2296.50711637
2410.7911357
1680.17587971
475.234889041
310.562587509
296.28054083
294.41456975
294.078022479
294.027856632
294.022247797
294.021159286
294.020038997
294.019033938
294.018401922
294.018570231
294.023098149
294.023928302
2262.42205695
2349.37384455
2270.84682628
2186.44212454
2094.93292752
2057.76545978
2059.23894631
2095.74867343
2179.83180648
2310.09683556
2427.61150455
1996.43591153
569.372664274
323.474062482
297.120382942
294.517278451
294.100940847
294.033237722
294.024020705
294.02218741
294.021276886
294.02021304
294.019516106
294.019821911
294.024459873
294.02528388
2352.97808021
2439.53483454
2360.82979823
2282.57833571
2213.77480713
2141.34850136
2120.23722296
2146.28627638
2212.99391816
2327.85396558
2453.14626238
2247.78093785
749.57412619
337.308440693
299.361426653
294.731948686
294.125774706
294.037444882
294.025781058
294.023678758
294.02243431
294.021387111
294.020762643
294.021055511
294.025874472
294.026707072
2442.77126311
2528.53813516
2449.80802265
2371.75757442
2308.53146822
2271.39317308
2210.25254016
2205.35807237
2257.45932148
2350.23683055
2466.00670663
2400.42962558
989.231978088
369.564507318
301.294262237
295.208451417
294.187638228
294.043360862
294.027451998
294.024892809
294.023778855
294.022661559
294.021933853
294.022369819
294.027324954
294.028203804
2531.28274344
2614.42388644
2537.21809456
2459.52543022
2396.13062317
2363.37605798
2352.01053573
2302.22125767
2312.90776913
2386.52798777
2478.82339675
2441.75802425
1318.43617961
410.984740481
305.420782542
295.561180182
294.283902822
294.058878761
294.029388329
294.026448425
294.025056191
294.023911457
294.02329535
294.023715141
294.028856526
294.029776354
2616.49176971
2694.67982053
2620.95122526
2545.34189633
2480.96160754
2446.64452957
2437.58112086
2447.17884378
2415.94509572
2434.32757568
2501.34838351
2468.53294302
1510.4374146
503.126986144
313.508850757
296.205910605
294.360594398
294.07615033
294.033762865
294.027703946
294.02646784
294.025304154
294.024529199
294.025128
294.030420958
294.031427002
2696.04120976
2772.05149655
2698.87494222
2627.01303054
2563.08934115
2524.22132109
2511.54068029
2518.63258608
2524.05787244
2536.85196804
2533.17530946
2471.89825895
1773.91201933
578.007388039
325.261421166
297.800952758
294.502374447
294.094393246
294.036991254
294.029926412
294.02786658
294.026617677
294.026005084
294.026572768
294.032069064
294.03314179
2772.47465796
2848.7121767
2773.27539918
2702.46543684
2640.14135718
2597.22386324
2575.9402341
2573.40930923
2570.00678892
2485.33120024
2603.31486294
2469.6959108
1824.76244624
688.961008202
342.32388593
299.255222708
294.85726331
294.126782535
294.042233323
294.031300701
294.029493175
294.028174683
294.027323404
294.028092217
294.033760113
294.03493826
2847.7389166
2856.15282297
2845.38220228
2774.0737471
2709.45257925
2664.32439269
2634.81832889
2616.54960226
2575.34095443
2471.44359785
2100.56749223
2363.92822129
1789.60747579
905.530541486
357.619702124
302.330035072
295.13501352
294.206229709
294.04887734
294.033742073
294.031021751
294.029590286
294.028959271
294.029677898
294.035530729
294.036800592
2851.70422758
2728.9925899
2841.70588003
2841.51144855
2774.9925032
2716.431229
2681.40832358
2644.85667876
2583.43728935
2378.20493413
1946.75899283
1344.48002331
1540.17144784
884.27705361
410.575571768
304.539859269
295.723721806
294.268381212
294.065004078
294.035897691
294.032727221
294.031336761
294.030383699
294.031334812
294.037369032
294.038725805
2723.75298626
2575.66461323
2712.37936788
2827.04694324
2831.08434991
2769.22426718
2706.47817132
2658.69624593
2566.13093608
2338.59111656
1848.99375284
1184.81465554
705.265128254
722.068666022
408.268774268
313.415337172
296.240478459
294.401196554
294.079021528
294.040179809
294.034577014
294.032804349
294.032195507
294.03308697
294.03925943
294.040740569
2571.45972644
2431.23085869
2562.25713114
2696.72528869
2792.86298563
2794.9872444
2739.62983003
2648.67525363
2527.61510686
2259.54681752
1834.93257735
1187.96409696
657.702873326
409.654966528
379.181390382
312.826703519
297.889993668
294.541119742
294.105973357
294.043642712
294.036569432
294.034786425
294.033699576
294.034859234
294.041240886
294.042764644
2428.00442997
2312.70657665
2420.94009294
2549.38678906
2661.77118274
2713.2186624
2710.22503906
2649.56905774
2472.66135551
2216.42626655
1783.60820202
1237.38311085
681.325937151
417.019847495
324.291229492
311.241963613
298.251807915
294.924250809
294.148155522
294.04968054
294.038616294
294.036280155
294.035636697
294.036741896
294.043210282
294.044924489
2310.24280221
2210.31096161
2304.8393026
2411.05028541
2520.50217409
2585.7573351
2592.77111989
2561.01255456
2462.15696861
2174.216806
1782.96283862
1257.16388865
760.782146014
440.456332721
332.72429023
303.225555904
299.870245838
295.212781094
294.224704434
294.060464286
294.041167869
294.038515408
294.03724122
294.038621312
294.045322239
294.04701946
2208.48628491
2138.62838296
2204.47849855
2297.25620928
2388.84228994
2457.920107
2476.20673452
2428.87651929
2344.92696704
2185.53537649
1793.43700421
1309.70168404
823.037347024
495.458328337
346.072855224
306.450135202
297.841465475
296.519161594
294.377881423
294.079040147
294.044657379
294.040159291
294.039355471
294.040708167
294.047383523
294.049308765
2137.05755498
2042.28924103
2133.60284745
2198.84017926
2280.19228651
2340.51329406
2368.88540495
2334.20856539
2224.74979966
2070.08147164
1857.22393504
1375.71857576
898.487129596
555.23809043
372.785792179
311.60729458
296.330129183
295.072959389
294.137700632
294.049761755
294.042791434
294.041024331
294.042641664
294.049553117
294.051458513
2040.80285368
1958.57536789
2037.52782327
2128.73134661
2186.11734914
2242.69784912
2271.04402906
2254.1311276
2165.04575346
1994.39990739
1754.99569591
1516.59142148
1003.42581498
608.759565539
415.192431358
320.013556588
295.768199999
294.46430908
294.071737353
294.044874036
294.043310636
294.044838281
294.05157912
294.053756458
1956.98558142
1805.48997773
1953.48699072
2032.89562289
2117.70763088
2157.82556944
2188.08611298
2180.07110452
2116.29899222
1976.05543203
1754.00654588
1454.35409645
1187.13861435
719.10112226
448.082301622
339.897502798
295.418125192
294.229732631
294.055161968
294.044879391
294.046614521
294.053700139
294.055876715
1804.18270896
1718.58236503
1801.30576933
1948.55770918
2022.37548969
2092.93759175
2115.85488738
2115.26148214
2068.75080516
1959.53808842
1773.39772564
1500.36971543
1195.96479215
901.224216198
531.4875612
354.75712911
295.034466784
294.145081483
294.047747598
294.048729716
294.055303547
294.058064094
1717.38210561
1505.28664479
1714.73192853
1797.25149596
1937.41936085
1998.42945795
2055.46807467
2058.37736273
2023.88713363
1938.89962904
1786.52295537
1561.64884329
1230.20369699
1012.17685171
685.622544216
398.664433689
294.869280048
294.081851374
294.049670599
294.057163309
294.05989739
1504.42445375
1502.52151842
1710.98868096
1788.08716531
1912.49555187
1961.64682485
2002.418023
1983.45555584
1913.7694322
1790.55687974
1590.84638794
1286.55286614
889.60819788
511.696754058
398.513491412
294.388623865
294.056813633
294.057387917
294.061647377
1499.83716371
1702.50963222
1767.50356708
1875.37969352
1909.20486079
1929.76410554
1887.62194724
1782.23190218
1620.32121985
1314.56957016
781.582002362
443.441165377
401.119190686
294.161971394
294.650196399
294.058825289
294.062660921
1493.76707732
1683.29293845
1736.59544429
1824.48182548
1838.55692762
1832.2195568
1762.19563781
1610.70782337
1364.72638091
681.434108733
424.975561959
402.358829419
294.191844024
294.098937571
295.097950834
294.062969089
1480.05436962
1654.34166143
1693.67345725
1758.34968289
1748.15359617
1705.31301088
1592.31303125
1308.15325753
615.139231246
424.287173435
399.199556462
294.258900522
294.111256835
294.082426151
295.36773381
1459.48882335
1614.2217233
1637.37458532
1675.54138271
1637.58561794
1546.26332968
1352.85092116
949.936909352
582.647781652
423.494374588
376.836937901
294.293871248
294.138153484
294.08768756
295.727377286
1431.11584565
1561.94913871
1567.14247087
1574.93329353
1506.57609644
1365.96577206
1116.80888536
770.432668085
578.030659925
386.993346139
327.726640712
294.351167932
294.154096213
294.101996649
295.875667755
1393.9161923
1497.03971863
1483.1584882
1458.05267808
1357.96149645
1187.28241831
933.820452679
673.301748683
554.815923662
329.851287176
296.734224998
294.403908601
294.175431654
294.111003748
1346.84697337
1419.62692667
1385.49447164
1328.47217821
1198.43708573
1014.29422433
784.927251407
617.593919276
464.890292896
524.976075795
298.644484064
294.459879468
294.198939359
294.124157368
1288.90736972
1330.02622528
1274.06814082
1186.28873527
1034.1973578
841.625582001
656.075929219
576.961922222
338.405505612
431.34046959
506.222066675
294.622379819
294.22092188
294.136032116
1219.37288946
1228.33260972
1149.51263233
1032.76471235
863.410271981
676.377003554
564.376419684
541.459038862
300.12554024
338.606003528
428.840030024
468.99935354
294.246356474
294.153194702
1137.93943474
1114.79058435
1012.43882122
871.616800896
696.098882681
554.518213881
507.935910329
498.367793701
301.418432225
295.085162612
346.901609365
410.417376184
453.158222641
294.16468354
1044.68905991
989.97410829
865.384379005
709.930262754
564.398420874
482.891106052
470.569781072
446.991177978
305.293383609
295.538329812
294.343733881
344.714888473
404.492239825
940.473603181
855.21466138
716.899453969
574.088227889
482.451386523
441.893714366
432.663189523
395.477212954
306.435449211
296.796794503
294.498581098
347.080823712
827.507293613
716.771821202
586.038369082
483.810104615
433.741434296
411.241252048
386.701949789
346.483563476
309.32189066
297.370257708
294.941837044
710.327072457
590.337471699
491.118615133
428.323897653
401.00821874
375.583584878
344.949355448
310.789520137
298.63119957
295.303201438
598.779050045
494.78834263
430.368669878
392.059643051
370.382789764
341.5209857
312.089554741
299.606909553
295.856395502
506.827324584
431.794734351
391.139147553
364.029337161
340.422165313
312.420642464
300.635824118
296.667885218
440.336169192
390.554948765
362.67010356
338.100334349
313.239808212
301.10015856
297.206158327
394.846856341
361.281064022
338.002319718
313.674258505
302.593160565
298.534436975
363.333767681
337.685406791
314.948310906
303.819434334
300.452849344
339.059559754
315.729784866
306.273869652
301.612832344
318.311246214
307.55231019
304.075886148
310.891041918
305.419315437
308.862785644
)
;

boundaryField
{
    inletfuel
    {
        type            fixedValue;
        value           uniform 294;
    }
    inletair
    {
        type            fixedValue;
        value           uniform 294;
    }
    outlet
    {
        type            zeroGradient;
    }
    leftside
    {
        type            fixedValue;
        value           uniform 294;
    }
    burnerwall
    {
        type            zeroGradient;
    }
    front
    {
        type            wedge;
    }
    back
    {
        type            wedge;
    }
    reacting_to_fluid
    {
        type            compressible::turbulentTemperatureCoupledBaffleMixed;
        refValue        nonuniform List<scalar> 
22
(
375.741717819
384.750084508
387.185039401
386.287452169
382.623244892
376.665931616
375.741717819
376.665931616
382.341989669
381.803437293
385.422413907
383.337183174
389.749973817
383.131291403
395.35561663
395.35561663
397.265446745
396.609963295
394.07273538
388.553847432
380.3116785
380.3116785
)
;
        refGradient     uniform 0;
        valueFraction   nonuniform List<scalar> 
22
(
0.483900576301
0.485492214025
0.48839856778
0.490055534256
0.495429913632
0.484320484587
0.461914233489
0.524239406687
0.462183954147
0.524539453172
0.462224845802
0.524635913142
0.462806808189
0.52464395126
0.463027570515
0.504602859945
0.505381058396
0.505712109166
0.505762692695
0.513972338096
0.524500913404
0.504662036729
)
;
        value           nonuniform List<scalar> 
22
(
335.537428855
339.257328443
340.416060926
339.949148513
338.428573719
334.485078787
338.456738539
337.646078524
344.299650588
340.578402361
350.247161325
341.519670789
362.969766419
341.583317867
373.555608504
396.920289913
399.171954222
399.451969146
396.606976112
382.859430584
340.162439016
354.264482752
)
;
        Tnbr            T;
        thicknessLayers List<scalar> 0();
        kappaLayers     List<scalar> 0();
    }
    reacting_to_solid
    {
        type            compressible::turbulentTemperatureCoupledBaffleMixed;
        refValue        nonuniform List<scalar> 
22
(
500.26847191
500.140853562
500.063689082
500.025310898
500.010312214
500.006851984
500.009278549
500.26847191
500.009278549
500.270314521
500.001037583
500.27672522
499.993453285
500.295356985
500.295356985
500.145399781
500.05823403
500.017026371
500.000921105
499.994256285
499.98869308
499.98869308
)
;
        refGradient     uniform 0;
        valueFraction   nonuniform List<scalar> 
22
(
0.999882025509
0.999883226651
0.999884026587
0.999884524948
0.999884821925
0.999884969956
0.999885075287
0.999867791279
0.999902811742
0.99986689808
0.999903044668
0.999866142289
0.999903360217
0.999865533698
0.999890341654
0.999891839488
0.999892833724
0.999893539726
0.999894093286
0.999894479402
0.999903469309
0.999894874676
)
;
        value           nonuniform List<scalar> 
22
(
500.328864231
500.186333084
500.096337729
500.046258949
500.023572344
500.016358019
500.018245017
500.364975895
500.01170505
500.374970396
500.001640753
500.385724501
499.990458033
500.411593644
500.344663565
500.174633985
500.07679977
500.02954355
500.009071721
499.998631624
499.984172519
499.988522676
)
;
        Tnbr            T;
        thicknessLayers List<scalar> 0();
        kappaLayers     List<scalar> 0();
    }
}


// ************************************************************************* //
