/*--------------------------------*- C++ -*----------------------------------*\
  =========                 |
  \\      /  F ield         | OpenFOAM: The Open Source CFD Toolbox
   \\    /   O peration     | Website:  https://openfoam.org
    \\  /    A nd           | Version:  10
     \\/     M anipulation  |
\*---------------------------------------------------------------------------*/
FoamFile
{
    format      ascii;
    class       volVectorField;
    location    "0.3/reacting";
    object      U;
}
// * * * * * * * * * * * * * * * * * * * * * * * * * * * * * * * * * * * * * //

dimensions      [0 1 -1 0 0 0 0];

internalField   nonuniform List<vector> 
1571
(
(0.115960187822 -3.07545444422e-13 60.68631256)
(-2.68185246687 -8.40912376516e-14 60.7978835171)
(0.370878267036 3.95583845523e-12 63.0692777935)
(5.33670342254 -3.15859368918e-15 57.2929081196)
(-2.21617784577 1.00521957548e-11 62.0015694931)
(0.356131728552 -4.35291719793e-12 64.318932603)
(3.22169533288 1.20853853914e-11 57.4302607755)
(-1.10896124069 -1.40666877039e-11 62.8880872829)
(0.252321778756 1.74852502755e-11 63.8888931447)
(1.88069686462 -1.06479415246e-11 56.7353564603)
(-0.304502945145 4.43350672467e-11 61.8459368304)
(0.100157650966 -1.30055143853e-10 63.2355010029)
(1.88286163172 1.72566555177e-11 47.6603801746)
(-0.518323417141 -1.00014724555e-10 60.5471318106)
(0.0716843550697 -2.69930184924e-10 62.8742740843)
(-0.125684466796 -3.03726290627e-11 46.7055762005)
(-1.3037005208 -2.13210052163e-12 10.6000221646)
(-0.00653302091999 -1.02553674416e-10 59.9608537803)
(0.0232171267703 -1.360267203e-10 62.3286863462)
(0.263586466674 1.3132764289e-11 47.3669649791)
(-0.0691353782349 -6.98922730839e-12 13.1221146644)
(-0.378882241453 -9.42099198205e-12 1.82867611886)
(-0.0321702650498 -1.11768584052e-10 59.1435060401)
(0.0163744061293 -3.96561269741e-11 61.2097488168)
(0.375575491669 5.38803855758e-11 46.8741603239)
(0.278647550902 7.76648497542e-12 21.2530071907)
(1.13872370125 1.0043149897e-10 3.00529803756)
(0.0943241406957 -2.95757341735e-12 1.66516447482)
(0.216846387098 -6.27565641399e-11 1.69061866572)
(0.0114161575449 -4.54303174703e-11 57.2326587048)
(0.0267082480743 -9.04635133968e-11 59.8218185928)
(0.452450285245 9.55751460828e-11 44.781746795)
(0.0406031620501 -5.77050943867e-12 25.4432206133)
(0.388322756566 -2.98119673178e-11 7.93388646106)
(1.1063965126 -8.73182117705e-11 2.03821168906)
(0.0618677745662 -4.22828938982e-12 1.88208469246)
(0.146368550454 -7.02992079617e-11 1.92138322289)
(0.181668506042 -2.41839738546e-11 1.78694165802)
(0.101548587171 -5.32049753062e-11 55.128410386)
(0.029688526511 1.71803769005e-10 58.3553364829)
(0.485576249723 7.65150572827e-11 43.1181405627)
(0.245060249817 2.00948580247e-13 27.9605144526)
(-0.804340897616 -1.13979952343e-10 9.26555875667)
(0.620920908383 -8.31034042028e-11 3.9211372624)
(0.717363687776 -3.26201255043e-11 1.95727215157)
(-0.0108368372363 -9.78116982894e-13 1.95585183021)
(0.0979482249751 -8.825853764e-11 1.88785741283)
(0.165369240682 -1.78955786904e-11 1.89257060387)
(0.270344051948 -6.63360187886e-12 1.89975468435)
(0.127558659025 1.84438918125e-11 53.2214630092)
(0.0660267209585 3.99103505784e-11 56.6844480856)
(0.41716719217 2.60121795826e-11 42.082084878)
(0.410988700731 3.10096723397e-11 29.4690412061)
(-0.597358999977 -8.61038436582e-11 10.405513064)
(-0.106029756216 -3.5149948635e-10 5.06256739974)
(0.780612295314 -5.79935830905e-11 2.78992908275)
(0.554653224103 -6.45447562369e-12 1.94630276411)
(0.0491325726486 -1.70515725009e-11 1.98756488519)
(0.0782911347738 -1.30695698728e-11 1.92216004676)
(0.192716634532 -3.54500559e-12 1.94212143661)
(0.21301528307 -2.04027304988e-12 1.94927906298)
(0.213755327514 -5.15684032746e-12 51.374963986)
(0.12629674245 2.01931980235e-11 54.2160856704)
(0.461554053713 4.62982321419e-11 41.240809471)
(0.407456788013 -1.08105085149e-11 30.5473884058)
(-0.295753616199 -7.46577534754e-11 12.0675869012)
(-0.347816812991 -4.67214394421e-11 5.2218687002)
(0.437030900204 -1.53482137844e-11 3.40569159066)
(0.574974582588 -2.3394420977e-11 2.17934198769)
(0.339840267623 -5.61008506492e-14 1.97641534336)
(0.0280178596406 2.74386788484e-13 1.99032878217)
(0.108718639953 -1.57342986639e-12 1.9478485204)
(0.160522802329 3.66261740235e-14 1.96386908431)
(0.183746198487 1.06073229875e-13 1.99710758095)
(0.335449807724 6.36882405163e-11 49.1728121209)
(0.157464189737 6.13348644123e-11 51.3394909691)
(0.53995359955 1.08246839065e-10 40.2161375108)
(0.503165169539 2.72414956082e-11 31.2258440522)
(-0.140188541632 -7.78950206215e-11 13.8385889476)
(-0.45322730643 -1.54897780892e-10 5.43271805739)
(0.242171998317 -1.70665686531e-10 3.4176365715)
(0.425368533176 -1.21151356035e-11 2.50195991655)
(0.390261679915 -5.29070671788e-12 2.1058443272)
(0.260951196607 1.40448907136e-13 2.01544766452)
(0.0466539179094 9.48962099129e-13 1.99601447079)
(0.091327813779 -5.36749832492e-13 1.96926950803)
(0.14595771177 -9.51929388197e-14 1.98969654529)
(0.138791017559 7.72530790514e-12 2.01132925191)
(0.391272652569 1.48226512322e-10 46.8675759636)
(0.171581555966 -3.97209913947e-11 48.5753121849)
(0.556122262027 1.05354288005e-10 39.1748009035)
(0.574012292571 3.6365115333e-11 31.4457878467)
(0.0354461370225 7.70265589669e-11 15.5782599936)
(-0.631716759966 2.34032366249e-10 5.83643563258)
(0.135543169829 8.16427193706e-11 3.34566230999)
(0.30126785056 -2.89084767322e-11 2.70362874893)
(0.372707521236 -4.83612682016e-12 2.23886700619)
(0.292003716576 -1.25107627431e-12 2.07190042359)
(0.17455213995 -1.16226151729e-11 2.0256795868)
(0.0364227896482 3.12752173305e-13 1.9918283552)
(0.0871462981241 4.15252341698e-13 1.98818921616)
(0.111166833341 -3.44809506206e-12 2.00165835456)
(0.105958125565 1.15808376404e-12 2.01555082821)
(0.419080895477 -8.44665960774e-11 44.7971861418)
(0.180228949232 1.26312272358e-10 45.8414395079)
(0.56891226624 7.92078690436e-11 38.2040744133)
(0.591314938268 6.24669444014e-11 31.4874140445)
(0.127210856842 -3.15841739803e-11 17.0847392801)
(-0.573936589287 3.12607389721e-10 6.51073766678)
(0.0787590201993 1.18972038256e-10 3.46616492397)
(0.209559644646 -2.85970062254e-11 2.72490460768)
(0.28046977968 -6.93846561317e-12 2.29674017826)
(0.256258539397 -1.11914696668e-12 2.13187362488)
(0.199304236372 -9.84866825258e-12 2.06003997012)
(0.1263346104 -2.92102015629e-12 2.02721358754)
(0.036444646029 -1.07001237578e-12 1.98858662722)
(0.0726489647315 5.18372578856e-12 1.99622435123)
(0.0853172927495 -1.73676213833e-12 2.00718017534)
(0.0786994879268 -1.51267797869e-11 2.0143357265)
(0.438811143245 -1.97265082223e-11 42.7145870817)
(0.175653755225 1.96023133754e-11 43.2061020253)
(0.590880147313 -1.11455443796e-10 37.1425671221)
(0.600251705664 4.51913586026e-11 31.4227178175)
(0.195775636993 3.85495992615e-11 18.4361286631)
(-0.531089056246 -2.29500358902e-10 7.29030608992)
(-0.0979333122871 -7.29966919538e-11 3.79383531342)
(0.200231989353 -1.60604380269e-11 2.72209416648)
(0.210840831911 -7.37650809926e-12 2.3216343634)
(0.227437420529 -2.26907531479e-12 2.18302059805)
(0.201049570826 -1.03258340352e-11 2.09893000442)
(0.14390162602 -2.11588898181e-11 2.04604596441)
(0.0919566501117 -1.17722842567e-11 2.0226243798)
(0.0286687921697 -3.89735045343e-12 1.98812315928)
(0.0595080827835 2.4201695798e-12 1.9993563367)
(0.0644143877557 -1.61826761409e-11 2.00751732146)
(0.0592344592552 -5.48888419724e-13 2.01110242498)
(0.429046648175 4.61789518076e-12 40.627009468)
(0.169369025658 -1.22428359624e-12 40.7434307488)
(0.57584914693 2.49505237216e-12 35.9227836219)
(0.622140023507 -1.39244192253e-11 31.2234287512)
(0.287458376618 -7.18879127736e-11 19.6776002788)
(-0.485026104107 -7.08962547635e-11 8.12484408519)
(-0.285465105389 -1.6622306687e-10 3.94674940283)
(0.145948734892 -1.34311552525e-11 2.70127370937)
(0.154461032778 -9.25457391232e-12 2.30624273243)
(0.182857443962 -1.97701802566e-12 2.20683229345)
(0.181424815053 -3.34907110854e-11 2.12566527178)
(0.1465192934 -1.53589145347e-11 2.06950315915)
(0.102939036478 -1.37660711902e-11 2.03357524188)
(0.0687005823368 -3.4958607961e-12 2.01659988905)
(0.0228296723381 -3.85150225152e-13 1.98861717211)
(0.0464010345101 -1.92426623546e-11 1.9996655611)
(0.0489572960065 -1.21757701401e-12 2.00584646144)
(0.0451648183284 -3.00014322652e-12 2.00757792669)
(0.41747672728 -9.23429542258e-12 38.6503981795)
(0.167149449178 2.08417241268e-12 38.3077707524)
(0.564417591455 -1.73543626342e-11 34.7042122332)
(0.615605476713 6.49297785221e-11 30.7679368592)
(0.373218254133 9.96510605743e-11 20.675178066)
(-0.464910076931 -7.9587018657e-11 9.22147694027)
(-0.395089803003 9.36272116073e-11 4.10871688628)
(0.117531184639 -2.57256565857e-11 2.69186725155)
(0.137343019923 -8.21996228833e-12 2.3253988926)
(0.159254634569 -3.03898941176e-12 2.21265788498)
(0.152734331928 6.43865584053e-12 2.13736051333)
(0.139611481837 -2.25785848627e-11 2.08964288333)
(0.107550274907 -1.08879179587e-11 2.04708693169)
(0.0765558296024 2.21935434894e-13 2.02304776575)
(0.0522861253413 3.53974309503e-12 2.01096221259)
(0.017564030182 1.41663663963e-11 1.98900085847)
(0.035602889953 6.23293865776e-13 1.99891624771)
(0.0374966184039 1.30388009964e-12 2.00369975999)
(0.03689122087 -3.06439030674e-12 2.00398117957)
(0.416809568485 6.98369228983e-12 36.6268358166)
(0.158372596572 3.88470052064e-12 35.845440417)
(0.574947056346 2.16448494429e-11 33.3512356745)
(0.614698692921 -1.75506596222e-11 30.2394194784)
(0.461409945412 1.88817245873e-10 21.4391135642)
(-0.352823015842 2.18281787921e-10 10.2692535062)
(-0.502192398696 3.33501296258e-10 4.48827774321)
(0.111642729028 -3.84425913694e-12 2.71977246736)
(0.123789424234 -9.33086257189e-12 2.3520392104)
(0.146395431608 -2.85321460341e-12 2.19946561164)
(0.126071867914 -2.30602956513e-11 2.13713120504)
(0.127114098313 -1.39114657254e-11 2.10241603596)
(0.106261789217 -1.48927038198e-11 2.06021008596)
(0.0813646806736 -7.58394335414e-12 2.03067392679)
(0.0582999568104 -7.7180852493e-12 2.01452304578)
(0.0429744413415 -1.52903448941e-11 2.0057687997)
(0.0134362898401 1.65010452048e-12 1.98926251153)
(0.0272747876473 -1.50142319792e-12 1.99787559792)
(0.0304515371732 -1.08554494571e-11 2.00127989261)
(0.0278752857124 -8.5699638819e-12 2.00225370969)
(0.397221195803 1.21537107012e-11 34.4900329064)
(0.142118977103 6.59984851152e-12 33.493461509)
(0.554449753218 2.63825154273e-11 31.780867991)
(0.641799617026 5.39487153967e-11 29.53313438)
(0.544761965788 -3.67243505942e-11 21.9937139237)
(-0.246530215033 1.21220139013e-10 11.4656932282)
(-0.469134580515 6.34335723828e-10 4.85798694486)
(0.0932055409648 -7.69400257541e-11 2.82789243519)
(0.11786018294 -8.32380927742e-12 2.35531777571)
(0.118547437678 -3.38329594202e-12 2.17883458876)
(0.101146114509 -8.13516044272e-12 2.13528544079)
(0.11605953654 -2.03394959811e-11 2.1081363714)
(0.100378230531 -8.79983104589e-12 2.06968628598)
(0.0826939464641 3.50082096863e-12 2.03847219067)
(0.0626694650079 -3.37550652347e-12 2.01862504399)
(0.0482793421248 -1.47663674735e-11 2.00735652466)
(0.0325477333652 -3.184887605e-12 2.002778948)
(0.0106554539212 1.83879843576e-12 1.98960095677)
(0.0218432270755 -5.0925950582e-12 1.99661514844)
(0.0229676929396 -5.51784490825e-12 2.00049254935)
(0.0303696152105 -7.13296891456e-13 1.99869457035)
(0.358791382842 1.76810650879e-11 32.3998089659)
(0.123634719396 -6.23421587819e-12 31.3423007517)
(0.506759743701 2.33105595042e-11 30.1811505029)
(0.627116069574 4.33483325509e-11 28.5395814293)
(0.627342538016 1.49347477424e-10 22.3432406116)
(-0.130579195872 3.38990202429e-10 12.4932229417)
(-0.571038396362 2.15523044505e-10 5.53492703907)
(0.0501624866917 1.88024284811e-10 2.95407361678)
(0.111056665154 -1.16109509847e-11 2.36005764017)
(0.0960460030685 -3.71151780599e-12 2.16001313317)
(0.095006008479 -2.56206938814e-11 2.13691774417)
(0.10747439019 -1.19844181075e-11 2.10737274313)
(0.0926213871781 -1.87198795853e-11 2.0742241359)
(0.0810948350276 -1.59295431395e-11 2.04492961061)
(0.0650517807293 -1.10963443455e-11 2.02295684133)
(0.0526215118619 -1.43668604851e-11 2.00907008879)
(0.0367104954977 -1.17424303128e-11 2.00282844996)
(0.0356037823722 1.34060471745e-14 1.99824456849)
(0.00869451394516 4.57716687825e-12 1.98986851547)
(0.0163981679215 -8.52811319448e-12 1.99653623029)
(0.0249273033989 7.0757608437e-14 1.99779516294)
(0.0190649310446 1.64777242361e-12 1.99919264839)
(0.313503651296 -1.35218163913e-11 30.4573706359)
(0.107827614424 4.6168937104e-11 29.3676948212)
(0.447301725654 7.48322929546e-12 28.6469707346)
(0.579834588573 2.62789026366e-11 27.4740926842)
(0.628728621977 6.05252244793e-11 22.3283120702)
(0.0359649790795 4.07272509382e-11 13.563656743)
(-0.534794762369 6.53200658929e-10 6.17379541836)
(-0.0269369190916 2.21160560024e-10 3.28094674109)
(0.108072466003 -5.29347268451e-12 2.35895956921)
(0.0876732194355 -4.6154404973e-12 2.15992442903)
(0.0954241584784 -1.92088103372e-11 2.13604602852)
(0.0994910362193 -2.14101236658e-11 2.10205483481)
(0.0844492186981 -5.48654718712e-12 2.07490156005)
(0.0780674350667 -1.75385683519e-11 2.04902838965)
(0.0655606624867 -2.21207501503e-11 2.02674915357)
(0.0557198675251 -1.37434753115e-11 2.01101031982)
(0.0402307048003 -1.46819828485e-11 2.00286251856)
(0.0404048210041 -1.39783222381e-12 1.99713341277)
(0.0226916936957 -2.72999291298e-12 1.99772575244)
(0.00763622383088 5.24144510617e-12 1.99071400514)
(0.0176946401902 -2.38003074054e-13 1.99493951744)
(0.015389582157 -1.00645638783e-12 1.99897906784)
(0.035387708418 5.06529802201e-13 1.99517040761)
(0.2748659952 1.43390871073e-10 28.652381464)
(0.0944091621493 1.67398243781e-11 27.5040388515)
(0.397188866126 5.69218490028e-11 27.1762767788)
(0.51871547936 3.38723059867e-11 26.3981490294)
(0.596506475012 3.40363693502e-11 22.213759156)
(0.146071119107 2.88654515808e-10 14.3307908468)
(-0.403297817868 2.64066002906e-10 7.10346643377)
(-0.252247817908 4.21799237596e-10 3.51172586937)
(0.121294586715 -6.46872399859e-12 2.36805454781)
(0.0880794213009 -5.10145117758e-12 2.16272591993)
(0.0984500551817 -3.80124596147e-11 2.13256010283)
(0.0874609301844 -5.8782471739e-12 2.09439673399)
(0.0782267296076 9.16349972021e-12 2.07394750911)
(0.0750077882662 -1.62422486977e-11 2.05067830645)
(0.0647343108746 -2.8213683787e-11 2.0292947799)
(0.0576449463813 -1.39733910123e-11 2.01260999003)
(0.0429812297558 -9.43444597255e-12 2.00297150924)
(0.0446510988223 1.32618371433e-13 1.99588093675)
(0.0260813371767 4.32483342069e-12 1.99544072651)
(0.0418365253639 -7.30101451878e-13 1.99299872168)
(0.00712637389855 5.71413102932e-13 1.98990862785)
(0.0106125150617 1.29745382824e-12 1.99628276601)
(0.0289622790702 -2.73152375131e-13 1.99559813122)
(0.0151261384778 -2.46492966853e-12 1.99826837436)
(0.241681776327 3.67791191454e-11 26.9244540992)
(0.0821036626273 -8.3110040765e-11 25.7380871629)
(0.353414882796 3.00000362682e-11 25.7170218394)
(0.468889057031 1.92156099718e-11 25.3112848428)
(0.550039357246 8.20376699808e-11 21.9541717782)
(0.234768325434 6.14805759421e-11 15.0192303196)
(-0.36601329624 2.73186702724e-10 7.83953107478)
(-0.29643293634 3.25324325029e-10 3.80092446135)
(0.098617211758 1.35491355699e-11 2.41780152449)
(0.099755672125 -3.96335216332e-12 2.18318637715)
(0.101348227161 -2.16882631983e-11 2.11894291328)
(0.078057655009 -2.95431345021e-11 2.08649779592)
(0.0744598362138 -1.93601378414e-11 2.072130701)
(0.0723871136419 -1.60981183663e-11 2.05036181449)
(0.0631549371386 -1.71776496401e-11 2.03030287454)
(0.0584943387512 -1.49334607024e-11 2.01378772186)
(0.0449186884851 -1.6814236106e-11 2.0029320591)
(0.048230296772 -3.03840771048e-12 1.99460426903)
(0.0291013748608 4.70493130859e-12 1.99282713858)
(0.0479778416999 8.7571754522e-13 1.98975359427)
(0.0189194736429 -3.32648025099e-12 1.99530600588)
(0.00633309892471 -2.41897291071e-13 1.99229350181)
(0.0206905633219 3.91771729154e-13 1.99408309955)
(0.0116355075105 1.76812416469e-12 1.99881335351)
(0.051338258103 1.7716830105e-13 1.99624189332)
(0.211003629795 1.02744270043e-11 25.2675780526)
(0.0700892971561 2.20091319938e-11 24.089229403)
(0.311709385747 7.46177034667e-11 24.279182493)
(0.424027442228 3.08158391163e-11 24.1676642637)
(0.519180601192 -3.25893799722e-11 21.5653462645)
(0.26943576226 1.24056722569e-10 15.5058661622)
(-0.250133811848 2.67565430352e-10 8.81521607105)
(-0.395998999416 2.50305504288e-10 4.05812486683)
(0.0945290826114 3.65609782853e-11 2.45746471709)
(0.101849690047 -3.6235451188e-12 2.21133003635)
(0.101279197637 -5.20712569304e-11 2.10834620415)
(0.0727994156928 1.26279429181e-12 2.08192033462)
(0.0742522762952 -1.22528327213e-11 2.06955477904)
(0.0698687808849 -1.35681979993e-11 2.04865094633)
(0.0614201792471 -3.17993106271e-11 2.02996760683)
(0.0584361843914 -1.67223423691e-11 2.01372616393)
(0.0460562693887 -5.2325752046e-12 2.00255221259)
(0.0510394146528 1.01910576765e-12 1.99323042949)
(0.0316293717563 2.85264648727e-12 1.98998495251)
(0.0534882380301 -1.3287256538e-12 1.9859424984)
(0.0227786616449 -2.04808699134e-12 1.99043903792)
(0.0651751164344 4.67470427635e-14 1.9932695407)
(0.00763813131 -3.82799238947e-13 1.98942576374)
(0.00745147408949 -1.88160097316e-12 1.99645844535)
(0.03979586333 5.38597674658e-14 1.99682996172)
(0.00720616477899 6.37011517611e-12 2.02194593126)
(0.180589102325 7.21086913278e-11 23.7082931781)
(0.0594082698608 4.16656657021e-11 22.5784892783)
(0.268732326331 1.05993607657e-10 22.9028927722)
(0.379259795843 4.50079722476e-11 22.9948854088)
(0.484559177912 4.27739931995e-11 21.0099700084)
(0.311142588108 2.01270551406e-10 15.8430356173)
(-0.162128854374 3.63165972223e-10 9.61356485996)
(-0.398622462098 1.95135744375e-10 4.6199009945)
(0.122190661492 4.80914662176e-11 2.52306886507)
(0.0981878975317 8.48022674988e-12 2.20504014152)
(0.0897299755424 -4.90163149239e-11 2.10793606387)
(0.0749661022388 -3.53385860622e-12 2.08266744517)
(0.0766217185579 -2.53938003229e-11 2.06635413463)
(0.0676306032651 -1.72126578752e-11 2.04584370805)
(0.0597554845881 -8.15940239445e-12 2.02867708611)
(0.0581841828679 -5.21146518087e-12 2.01325175529)
(0.0465106533157 -2.26145146092e-11 2.00164612786)
(0.0530330625432 -5.3527519185e-12 1.99162163831)
(0.033558595577 4.5349853835e-12 1.98688936226)
(0.0580194116378 2.01793707174e-12 1.98178906587)
(0.0262820304209 -3.5655862189e-12 1.98395502517)
(0.0794856425721 2.17162608143e-13 1.98779513411)
(0.0173530224683 4.94761831365e-12 2.02205475694)
(0.00490371831926 -8.17264976785e-14 1.99325735591)
(0.027250530264 5.84855312244e-14 1.99525077304)
(0.00352803419583 2.30635205517e-12 2.01236360063)
(0.0350463685815 3.0952437641e-12 1.99693963885)
(0.153584144414 -1.06758937385e-10 22.2711435456)
(0.0500815868019 -3.80185290164e-12 21.1811176686)
(0.230560624924 -1.44392516918e-10 21.6177472373)
(0.330320067379 1.08792740074e-10 21.8459013874)
(0.446407381733 2.71085019898e-11 20.3461576649)
(0.33765234236 1.34246134023e-10 15.9727268664)
(-0.0400108136744 1.97161333461e-10 10.3673830395)
(-0.463159275429 2.09875338402e-10 5.2389513045)
(0.10102327386 5.90209655695e-11 2.66380662554)
(0.128983988635 -3.49972356723e-11 2.20882336299)
(0.0800902243662 -4.244613725e-11 2.09350912134)
(0.0825493309349 -6.74469054662e-12 2.08579301391)
(0.0779432744459 -3.60454796099e-11 2.06253396463)
(0.0659224269856 -1.36605451855e-11 2.04281775024)
(0.058593499411 -4.03966620615e-11 2.02691196768)
(0.0576435626363 -1.50941562877e-11 2.01209349139)
(0.0464394701343 -1.46614817763e-11 2.0002201064)
(0.0541907893919 -9.25326462377e-12 1.98977625879)
(0.034818345455 1.56859585803e-12 1.98352946459)
(0.0612803563795 -2.79203100227e-12 1.97737707349)
(0.028929563388 -1.15121495275e-12 1.97616663455)
(0.0912772401675 5.21929521391e-14 1.97975123431)
(0.0303909562866 7.25299026875e-12 2.01065831313)
(0.138012199422 -3.55964526541e-12 2.01301569698)
(0.0103536680801 -5.52819858395e-14 1.98932339114)
(0.00121432626854 5.37808948054e-12 2.00232960661)
(-0.0162327026774 1.42172723165e-13 2.00925138458)
(-0.0618929406262 -1.01029956736e-12 0.0768332794177)
(0.129735726089 -1.47239058394e-11 20.9316137604)
(0.042121716457 -2.30479543591e-11 19.9145943499)
(0.196146371 -1.46871959058e-11 20.3987287012)
(0.287111689192 -1.07348453868e-10 20.7520945524)
(0.396348908498 9.32238711497e-11 19.6443881237)
(0.346252772761 5.41684968171e-11 15.9569305033)
(0.0511882091771 1.59260609303e-10 10.9910268338)
(-0.35467015203 1.99483474135e-10 5.99383388555)
(0.0458983571509 6.09409700413e-11 2.9904012968)
(0.129113711078 -2.72358421073e-11 2.23368485271)
(0.0936440612397 -3.939764647e-11 2.08881429791)
(0.0870962801887 -1.29442344509e-11 2.0825696929)
(0.0770912047925 -1.38238424768e-11 2.05939663547)
(0.0649290780444 -2.05190357122e-11 2.04055351587)
(0.0581838524519 -1.35640226156e-11 2.02516057663)
(0.0570651373939 -1.83550293202e-11 2.01040653241)
(0.0460112813646 -2.33617337357e-11 1.99847352311)
(0.0546083913346 -5.80141450846e-12 1.98770397626)
(0.0353919169474 -4.96054048513e-12 1.98002096835)
(0.0631426510045 4.36359933687e-12 1.97286082714)
(0.0303576720637 -4.37080043224e-12 1.96756176091)
(0.0985797270547 3.03469593267e-13 1.96975874916)
(0.0402979858021 8.0541053824e-12 1.98494549586)
(0.220262851025 -2.74439927589e-12 1.99350431202)
(0.100886474848 -2.14850413203e-12 0.323611991045)
(-0.00044128634992 1.98970153772e-13 1.9954036435)
(-0.0023132543984 -2.43127525014e-14 1.99783372837)
(-0.273926292822 -1.48709752968e-12 -0.20468781768)
(0.10944720679 -6.65307707057e-11 19.7111553737)
(0.0353807821227 8.63925420328e-12 18.7645041042)
(0.166723337062 -1.05603979599e-10 19.2750738796)
(0.246859413362 -8.07906543884e-12 19.6864081639)
(0.354840969505 -1.08363178189e-10 18.9307194845)
(0.33267547302 5.19923291743e-12 15.8798783845)
(0.112459830203 1.52077576108e-10 11.4694808003)
(-0.244212972737 1.42194395257e-10 6.7549219624)
(-0.0914210962441 1.05636836978e-10 3.54566367946)
(0.164693599325 -4.63695483802e-11 2.29839477752)
(0.100371376551 -4.85801637108e-11 2.09638498618)
(0.103832010597 -1.36292706191e-11 2.08175895975)
(0.0747469069762 -4.08438018731e-11 2.05327473659)
(0.0656757835821 -1.74690122029e-11 2.03908027603)
(0.0585594559914 -4.88282349067e-11 2.02348586116)
(0.056515844727 -1.51221060342e-11 2.00867319661)
(0.045425735382 -9.39007596847e-12 1.99658109213)
(0.0543979443256 -1.13001087153e-11 1.98559226973)
(0.0353296390899 -6.9169678611e-12 1.97652023451)
(0.0636261806326 -5.7076688323e-12 1.96842823814)
(0.0305229765342 3.17628706876e-13 1.95888095951)
(0.101084762515 1.03584262303e-14 1.95906234805)
(0.0440689548987 5.99518211596e-12 1.95355600666)
(0.258406394822 -3.26056284976e-12 1.94592848546)
(0.194591687136 -2.28529108448e-12 0.545332463517)
(-0.154485144415 -2.11306043675e-12 -0.3126716803)
(0.00786463632354 2.15873732856e-15 1.99429014928)
(0.0920579312304 2.53180643524e-11 18.5977840346)
(0.0297930141759 -1.75476766376e-11 17.7279538116)
(0.140912720432 4.63045035858e-11 18.2393767917)
(0.212155477449 -7.04010037034e-11 18.6879673818)
(0.311132373082 1.1901122629e-11 18.1727707844)
(0.328380477661 1.73170841234e-12 15.7055025624)
(0.127861080274 4.9579862423e-11 11.8529086791)
(-0.104835668582 1.58882347626e-10 7.44711216147)
(-0.261230467245 5.64160283509e-11 3.98612181435)
(0.139704233652 8.85178806631e-12 2.33960670673)
(0.116454535601 -1.74569479185e-11 2.11496420629)
(0.113136383141 -1.9162069918e-11 2.08207803948)
(0.0772566678021 -3.33907025808e-11 2.04869552743)
(0.0680510911971 -2.38574679175e-11 2.03779444525)
(0.0591929596255 -4.21987332498e-11 2.02184785678)
(0.0561251476291 -1.97916660234e-11 2.00700490527)
(0.0448133792831 -2.7496889462e-11 1.99481471125)
(0.0537297011603 -4.41615908916e-12 1.98352107854)
(0.0347433015682 -3.14841916168e-12 1.97325108591)
(0.0629082544863 7.73781047769e-12 1.96436115981)
(0.0295504128115 -5.7538946234e-12 1.95075045509)
(0.0995550574195 3.92947731189e-13 1.9489659414)
(0.0426183147233 8.29787511548e-12 1.92381039394)
(0.259152910781 -2.00403081415e-12 1.89807624152)
(0.228469690484 -2.95776103213e-12 0.720485802157)
(-0.0207188888915 -2.24284868102e-12 -0.267608620654)
(0.0776756267236 -3.50591988696e-11 17.5909424107)
(0.0249293212621 3.90290476015e-12 16.787400267)
(0.119536530079 2.49025280578e-11 17.2955700563)
(0.180592907785 8.46627571076e-11 17.7539419597)
(0.274132518757 -1.17779945012e-11 17.4304845401)
(0.303362993964 1.06099788492e-10 15.4052510527)
(0.180086799119 1.80564323293e-10 12.1233923481)
(-0.0491836471406 9.13948458739e-11 8.09301638192)
(-0.33463210289 1.04944828371e-10 4.45565102376)
(0.125944656124 -4.93465550236e-11 2.39237110653)
(0.11651538225 -6.76189236519e-11 2.15022676196)
(0.128791010718 -1.56970369249e-11 2.08483605425)
(0.0786015293112 -3.57659555518e-11 2.04849913592)
(0.0735897663354 -2.18803915621e-11 2.03771065909)
(0.0605272221843 -4.31056820606e-11 2.02016443337)
(0.0560249265562 -1.73868365053e-11 2.00571889049)
(0.0443916041104 -1.69107427596e-11 1.99323719181)
(0.0527397285331 -1.41534112861e-11 1.98176088038)
(0.0337643655218 -8.84594513389e-12 1.97034628237)
(0.0612064380253 -2.89256251262e-12 1.96081599496)
(0.0277469440849 2.62648535025e-12 1.94373625744)
(0.0949579236109 2.15009057792e-14 1.94028164035)
(0.0376398028636 4.57453516292e-12 1.89915579185)
(0.236477444657 -2.93706483829e-12 1.86066686425)
(0.212917339274 -2.21498682256e-12 0.866431815586)
(0.0555684094636 -2.54022430572e-12 -0.0702167074527)
(0.0650374487245 1.24653562959e-11 16.6736171285)
(0.0212561130052 1.66006963425e-11 15.9492178632)
(0.100396458749 2.99427381571e-11 16.4279497689)
(0.154433152588 7.81152221253e-11 16.8933970037)
(0.236328773781 1.77789599906e-10 16.7070409187)
(0.286899654242 -9.19170444353e-11 15.0708838055)
(0.189505689566 1.53787787722e-10 12.238430471)
(0.0701472583856 1.30117833301e-10 8.63517190627)
(-0.313321543622 9.20019394375e-11 4.99251104641)
(0.153431539553 8.14352490635e-11 2.5364296951)
(0.12813811333 -5.87908141056e-11 2.18716247523)
(0.131446683271 -2.14234353305e-11 2.08185591012)
(0.0825066017068 -5.27182925061e-12 2.05123348646)
(0.0814893227816 -2.76595856803e-11 2.03887978889)
(0.06175427134 -3.83564565812e-11 2.01878160024)
(0.056564850859 -2.48826504931e-11 2.0047787685)
(0.0442864216051 -2.94959972803e-11 1.99204056939)
(0.0516710529554 -2.42053892081e-12 1.98027091114)
(0.0326047214358 -2.0629782512e-11 1.96800237884)
(0.0588087827868 1.13900052665e-11 1.95800614102)
(0.0253586030519 -7.97707268721e-12 1.93800927383)
(0.0884841625139 4.63906837952e-13 1.93346563476)
(0.0307232406192 9.33645253903e-12 1.88071885166)
(0.203802606053 -1.05411607817e-12 1.83504320696)
(0.17758686539 -2.78860422756e-12 0.991954079969)
(0.0732681055471 -2.07154890003e-12 0.152368016568)
(0.0555490242077 4.83991603164e-11 15.8544597074)
(0.0184118477081 3.16217645689e-11 15.1660838752)
(0.0861216163234 8.76269253248e-11 15.6494420098)
(0.130355866405 5.02566363658e-11 16.0919327627)
(0.205685009819 1.57236267964e-10 16.020832787)
(0.255433829548 1.93336105547e-11 14.6982749086)
(0.214210376295 6.72522705133e-11 12.2929619226)
(0.0591877410006 1.18006880922e-10 9.06382634749)
(-0.252646090826 1.07260365101e-10 5.55528213522)
(0.0760044384976 8.23036361251e-11 2.84488656791)
(0.16639988779 -6.07127656503e-11 2.23017617181)
(0.124874415276 -2.18571007483e-11 2.06679242429)
(0.0855742554275 -3.30063959635e-11 2.05886004384)
(0.0902180981612 -2.19460779673e-11 2.03974680185)
(0.0637445696461 -4.0685863645e-11 2.01810586709)
(0.0577404293154 -3.66765350082e-11 2.00465447695)
(0.0446407642687 -1.00487987298e-11 1.99120142182)
(0.0506352413995 -6.90499078755e-12 1.97935541888)
(0.0314293300545 -1.26004943191e-11 1.96621219266)
(0.055969264923 7.27267993192e-12 1.95590278063)
(0.0227356852703 -7.09335193751e-12 1.93380128153)
(0.0809799273148 8.93060874743e-14 1.92851901611)
(0.0234383043307 2.41617299796e-12 1.86828037837)
(0.169689239246 -2.67211407927e-12 1.8198361378)
(0.136791729261 -1.9663712014e-12 1.09414927973)
(0.0739719550688 -2.4095879145e-12 0.374538968851)
(0.0481599540501 8.9358285216e-11 15.0866664973)
(0.0158619199296 -1.10525533361e-11 14.4568818578)
(0.0749013159638 1.44062665806e-10 14.9145310077)
(0.112549940309 1.35841684379e-10 15.3679507249)
(0.175161150654 9.04401056766e-11 15.3589013961)
(0.232133453605 2.29325047457e-10 14.3136927112)
(0.206275409029 1.01593203428e-10 12.2730785316)
(0.0834933646853 1.51689715394e-10 9.42166558959)
(-0.138308932223 9.17798830599e-11 6.17872505522)
(0.0441004060831 7.29117097427e-11 3.35894569208)
(0.159971522244 -4.9644403525e-11 2.28225965185)
(0.114598390114 -2.6263929721e-11 2.06753656274)
(0.0937233816344 -2.99290988936e-11 2.07178258535)
(0.0963384316145 -2.67247648409e-11 2.04168028926)
(0.0652672125814 -2.50385203078e-11 2.01950537952)
(0.0601808472766 -1.90455042088e-11 2.00508189077)
(0.0453563563251 -2.13963064781e-11 1.9909594706)
(0.0498840070072 -5.25995037997e-12 1.97886584038)
(0.030443671795 -2.02623922863e-11 1.96514775923)
(0.0529858983258 9.1427527461e-12 1.95466413937)
(0.0200289576958 -7.07178027162e-12 1.93088171432)
(0.0732369517401 3.00308744451e-14 1.92538024364)
(0.0162368660275 9.37016806034e-13 1.8608081015)
(0.138588304651 5.86065708173e-15 1.81199832972)
(0.09996670226 -2.26238567877e-12 1.17382707525)
(0.0641803622314 -2.08699064809e-12 0.565487861319)
(0.0415187665386 -3.50766189567e-11 14.3900221571)
(0.013599400266 -9.5567980508e-11 13.8008601717)
(0.0647326922506 -6.48154700518e-11 14.2448905006)
(0.0983423452659 1.87152819976e-10 14.6773822145)
(0.153471867388 2.42237158371e-10 14.7511497146)
(0.201972709377 1.72107912536e-10 13.8987297542)
(0.202502867559 1.43195628248e-10 12.202094601)
(0.0791788215019 -4.47771249518e-11 9.70484837246)
(-0.00712506349124 1.33344429538e-10 6.71460257659)
(-0.142078405013 8.22722292261e-11 4.14097271765)
(0.19304709264 -4.62211154879e-11 2.35113381047)
(0.120396876487 -2.92399182363e-11 2.08293544993)
(0.122835846784 -2.89833427935e-11 2.07933735364)
(0.0968174410609 -2.67288636023e-11 2.04016717507)
(0.0683867364514 -5.24143174709e-11 2.02249760548)
(0.0630020695857 -4.20463363847e-11 2.00677001278)
(0.0466840372436 -6.99455732009e-12 1.99132164916)
(0.049319254223 -8.42571286526e-12 1.97921321214)
(0.0297005158266 -8.83767009801e-12 1.96471543182)
(0.0500115309355 3.46921523388e-12 1.95410066624)
(0.0175494611159 -6.00478592083e-12 1.92939564357)
(0.0655517294743 -3.263613208e-13 1.92366100089)
(0.00997769942829 2.39183165761e-12 1.85697226458)
(0.111876238878 -3.39344395547e-12 1.80868830446)
(0.0701290290123 -2.10575205668e-12 1.23478700732)
(0.0525213722057 -1.9729173912e-12 0.720091690963)
(0.0356277917678 -6.28689262307e-11 13.7442151156)
(0.0116804932536 -5.76596475346e-11 13.2113249161)
(0.055667922051 -2.98419499278e-11 13.6211562161)
(0.0853109503208 7.05141264312e-12 14.0443507122)
(0.135219566255 2.55793753383e-10 14.1556659456)
(0.183459482911 1.11396656082e-10 13.5046430867)
(0.182554303632 1.9072261073e-10 12.0489463953)
(0.101394915012 1.46453252313e-10 9.87363269195)
(0.0166195405035 4.41515502083e-11 7.1975957366)
(-0.219895473883 8.07770804131e-11 4.53147611762)
(0.169134728822 9.30646252829e-11 2.4484882083)
(0.135145043914 -1.76744164508e-11 2.11636150618)
(0.138485609914 -2.67397562776e-11 2.08760881728)
(0.0950301320526 -2.66973540083e-11 2.03963255237)
(0.0708162745505 -3.13671990422e-11 2.02787038991)
(0.0667796387657 -2.74711066907e-11 2.00900161422)
(0.0479384541141 -1.26582931335e-11 1.99261051085)
(0.0493115012956 -6.32275858953e-12 1.98005164316)
(0.0293229436309 -2.3357922188e-11 1.9651285452)
(0.0473054251859 7.76060972839e-12 1.95443532902)
(0.015300532893 -5.98501816065e-12 1.92888055697)
(0.0584306835935 -2.55230407581e-13 1.92331431726)
(0.00433545788179 1.49708999606e-13 1.85592821506)
(0.0901394344511 -7.34198893989e-12 1.80832583529)
(0.0474665556562 -1.54183151639e-12 1.27993835248)
(0.0418356908485 -2.20849253807e-12 0.840138309347)
(0.0306067663085 3.51500876184e-11 13.1630296391)
(0.0094892992675 -1.13743766107e-10 12.654681946)
(0.0478943220759 -7.26690446738e-11 13.0580736434)
(0.073618017579 -8.64814569102e-12 13.4506991138)
(0.118150369326 8.99797380676e-11 13.6016454417)
(0.165394861201 3.22323382798e-10 13.0875463875)
(0.175847240131 8.16254335849e-11 11.8956626768)
(0.106341440266 1.95338872346e-10 9.96125964453)
(0.079958006461 8.35777087792e-11 7.54011895971)
(-0.232479514731 7.65007215635e-11 4.94691986876)
(0.132336217885 1.44307296299e-11 2.62792805869)
(0.165396626944 1.35460121203e-11 2.20193419366)
(0.159440529994 -2.64374312203e-11 2.08470813269)
(0.0930603042908 -2.19084794433e-11 2.04374578466)
(0.0807891387482 -3.09557814186e-11 2.03325174669)
(0.0692373975334 -3.03942675275e-11 2.01177634042)
(0.0499235034731 -9.83860330492e-12 1.99475895483)
(0.0494329770268 -1.02173694543e-11 1.98174450816)
(0.0293495615709 -1.6879008735e-11 1.9660953255)
(0.0448202964427 5.43411703718e-13 1.95532797766)
(0.0135683711814 -4.97076678248e-12 1.92965915467)
(0.0518196544542 -5.52400761491e-13 1.92388238032)
(9.23857505178e-05 3.22933678821e-12 1.85677692808)
(0.0723990827978 -1.8443358971e-12 1.80951566697)
(0.031094165158 -2.69643933553e-12 1.31420602863)
(0.0329607118517 -1.56337460851e-12 0.930189644802)
(0.0248804396107 -1.28169575991e-10 12.6131628353)
(0.00753030402591 -1.68305442974e-11 12.2023164609)
(0.0389688405396 -1.47843902979e-10 12.5229654034)
(0.0634930317804 -5.23194955325e-11 12.9123701957)
(0.10273184091 1.47668828893e-11 13.0732900927)
(0.147115877339 9.77677148661e-11 12.6852744275)
(0.165904336125 1.70977943813e-10 11.6845583949)
(0.130380491535 4.00438202192e-11 10.0459156679)
(0.0439164237248 1.42506903023e-10 7.80857818294)
(-0.177570495112 9.35613825053e-11 5.32633962278)
(0.0806771781834 1.18159705872e-10 2.9652469485)
(0.153600076192 -2.25902195194e-11 2.28314639128)
(0.160109927988 -2.94058264938e-11 2.0856050206)
(0.0944183138044 -4.14677368824e-11 2.05340562122)
(0.0911313035327 -2.80283727077e-11 2.04055017272)
(0.0722835695629 -2.39689843491e-11 2.01423618231)
(0.0518566152168 -1.53826948552e-11 1.99782211415)
(0.0501914094848 -6.69122831203e-12 1.98413730175)
(0.0295780169416 -2.40859194607e-11 1.96792639468)
(0.0427669091732 7.45125693532e-12 1.95717897592)
(0.0121509741876 -4.82343816562e-12 1.93106029464)
(0.046129561762 -5.18474116608e-13 1.92554096691)
(-0.00362074728879 -7.43170779104e-13 1.8592270498)
(0.058655403035 7.07675428782e-14 1.81176597558)
(0.0193692680123 -2.31106621622e-12 1.33887749704)
(0.0259150246346 -2.06716849131e-12 0.997434628855)
(0.0197453259321 -4.47631198753e-11 12.1665430462)
(0.00572860989841 -7.81579749827e-12 11.7735119452)
(0.0309534889011 -6.80363327377e-11 12.0889223711)
(0.0517325403302 -1.76566980712e-10 12.397548867)
(0.088986532569 -3.38326908324e-11 12.5888818846)
(0.130285103506 1.52895277343e-12 12.2845634776)
(0.151720001923 1.64282509522e-10 11.4632958763)
(0.136553005851 9.64115926275e-11 10.039178302)
(0.0419591297765 9.15003004283e-11 8.10248914803)
(-0.113606965112 1.04791256491e-10 5.70103655047)
(0.0782559983573 1.25503293293e-10 3.43416159257)
(0.146008611784 -2.87862511833e-11 2.33751553003)
(0.126774257677 -8.22800816409e-12 2.0840814805)
(0.108685585528 -2.37441209071e-11 2.07613111502)
(0.107676577355 -2.97461931335e-11 2.04454498486)
(0.0726180870968 -3.03964632303e-11 2.01765971668)
(0.0549884320594 -9.93556155493e-12 2.00216080747)
(0.0511726928959 -1.16586062207e-11 1.98714635968)
(0.0303775323433 -1.274641328e-11 1.97056647993)
(0.0410301953696 -4.58664458521e-12 1.95940683189)
(0.0113401746893 -4.40500566906e-12 1.93370870441)
(0.040993634378 -6.5508279899e-13 1.92770506273)
(-0.00584437971278 3.88076454398e-12 1.86255826606)
(0.0473579482944 -2.33721867208e-12 1.81433000874)
(0.0113119427693 -2.56088010772e-12 1.35787735001)
(0.0202159771467 -1.63442219712e-12 1.04579125577)
(0.0150640984971 -2.19218449822e-11 11.741845763)
(0.000497761035914 -2.44237318159e-12 11.4554419888)
(0.0236248878901 -3.45196012692e-11 11.6732898783)
(0.041154289892 -8.43463918198e-11 11.9808181128)
(0.0727533751947 -2.22234554904e-10 12.1185250414)
(0.114271249892 -9.26640045399e-11 11.9067736546)
(0.137665508433 1.33149565265e-10 11.2182926918)
(0.130656401201 1.31860750305e-11 10.0050167782)
(0.0455506412277 9.47191010655e-11 8.27513489882)
(0.013231559032 1.1311612086e-10 6.17376998213)
(-0.0545835795662 7.72098326467e-11 4.02644947828)
(0.171523674425 1.54692234479e-11 2.40267051513)
(0.112037413978 -2.14178971723e-11 2.10596662461)
(0.114847036931 -5.48207953713e-11 2.10452947221)
(0.110068638018 -2.93651591803e-11 2.05231524259)
(0.0756773553201 -2.02272563815e-11 2.02377471427)
(0.0589510095751 -1.79705052053e-11 2.00746790986)
(0.052658093332 -7.01017406854e-12 1.99080814877)
(0.031497032187 -2.56063289826e-11 1.97388558935)
(0.0398564291909 -8.41770940072e-12 1.96264686292)
(0.0108120382309 -3.99712284718e-12 1.93659342256)
(0.0368482443509 -8.85644217041e-13 1.93084279726)
(-0.00797273527535 -1.69479690534e-12 1.8668957367)
(0.0388968946686 6.52173700586e-13 1.81718582505)
(0.00559053313205 -1.67301864422e-12 1.37086722616)
(0.0157682428983 -2.36158618028e-12 1.08106058105)
(0.00126037455444 -6.89848212037e-12 11.4289278102)
(-0.00531527425492 3.91237188679e-11 11.4784744631)
(0.00171668536931 -1.11477699092e-11 11.3716203252)
(0.0314223671331 -4.36873208686e-11 11.5778060741)
(0.0580442249609 -1.03203414143e-10 11.7397608315)
(0.0940031174237 -1.33086352616e-10 11.5262744699)
(0.123331816969 2.19110374343e-12 10.9725092138)
(0.12200870627 1.96743691774e-10 9.92390995187)
(0.0562798208519 5.63621465315e-11 8.39390213001)
(0.0578657233474 7.07766336532e-11 6.49003608533)
(-0.134999726954 1.15676753531e-10 4.53951258868)
(0.158564837658 -2.80692238503e-11 2.50845515132)
(0.128448616666 3.24863921087e-11 2.1327622837)
(0.141273607244 -5.15986942785e-11 2.1157495463)
(0.103385199188 -3.05147719727e-11 2.05422911503)
(0.0791060447255 -3.44551492682e-11 2.03421378402)
(0.0650831807508 -9.83129380331e-12 2.01313444602)
(0.0539405782611 -1.28282921708e-11 1.99508714349)
(0.0331507356743 -7.62114466392e-12 1.97810422859)
(0.039042465424 -1.95925223564e-11 1.96600836944)
(0.0109897779372 9.78831618431e-12 1.94081180351)
(0.0331159741896 -1.01381484746e-12 1.93410157417)
(-0.00854027738287 -5.25238556925e-12 1.87145127923)
(0.0315308331992 -3.06548974444e-12 1.81991239213)
(0.00176726767141 -2.74376118064e-12 1.38124035344)
(0.0121175636229 -1.38913158808e-12 1.10465501471)
(-0.0139094411024 9.43416804066e-11 11.4527038418)
(-0.0196915728926 6.31408349759e-12 11.6792124398)
(-0.022118054192 7.02368348312e-11 11.3972572438)
(0.00174955905934 -1.42789715351e-11 11.2915992942)
(0.0447124687039 -5.50546554257e-11 11.3648050501)
(0.0755882156494 -8.20977764665e-11 11.2242729209)
(0.101835852359 -5.07989508693e-11 10.7070798837)
(0.112706773228 3.21441149549e-12 9.81981656655)
(0.0739629673873 1.1357082644e-10 8.46362050141)
(0.0568591445768 1.00513042698e-10 6.73553155647)
(-0.149238899795 2.22278060073e-11 4.79323686296)
(0.143071875878 5.87792685116e-11 2.77699765892)
(0.150786563261 -7.45013999356e-11 2.20587550066)
(0.154317217157 -3.67561071558e-11 2.10339716885)
(0.0891908172476 -3.41997400318e-11 2.05873449813)
(0.0797888775869 -1.56195357222e-11 2.04805398571)
(0.069205704348 -2.14151774411e-11 2.02043358861)
(0.0557063846769 -7.67325210379e-12 2.0003446971)
(0.0350944477873 -2.889454841e-11 1.98290421298)
(0.038691918589 -5.06495359174e-12 1.97058696268)
(0.011369099835 4.21176986895e-12 1.94485463132)
(0.0304082199489 -9.88732415812e-13 1.93837683285)
(-0.00952922045544 -1.18531223393e-12 1.87685258962)
(0.026304299717 -6.95443941106e-12 1.82273032193)
(-0.00104330464328 -8.87071412189e-13 1.38758446507)
(0.00932539996077 -2.48062111596e-12 1.12109047924)
(-0.0512246616841 1.68878493661e-11 11.6551977945)
(-0.0493530982871 5.27445212122e-11 13.1609315197)
(-0.080741430055 2.02815425465e-11 11.6035759807)
(-0.0300144172436 5.31360261152e-11 11.3199965004)
(0.000940698495151 -1.80481745819e-11 11.1124568716)
(0.0591223991357 -5.21487876425e-11 10.9086813746)
(0.0830212076611 -4.14052758789e-11 10.5029823687)
(0.0929698536564 -7.39162188372e-13 9.68407217607)
(0.0779143802556 6.29209939835e-11 8.50048611755)
(0.0450349344834 4.76507880618e-11 6.92204499365)
(-0.124267843662 1.33686831958e-10 5.06188077251)
(0.0850197220609 -5.09690760991e-11 3.08845000667)
(0.154358186236 6.36947045873e-11 2.30975888404)
(0.15170319715 -4.32247595903e-11 2.09329594985)
(0.0856591663868 -3.30684043178e-11 2.06777278392)
(0.0923407306279 -4.15658058473e-11 2.05733384207)
(0.0707716649833 -9.25907384939e-12 2.0263801616)
(0.0569835676298 -1.36884839322e-11 2.00697876333)
(0.0377331038997 -3.26211448163e-13 1.98869699236)
(0.0386182855997 -2.12582402524e-11 1.97495097349)
(0.012437363588 7.96584487167e-12 1.95053014382)
(0.0278993516036 -5.92730685053e-13 1.94240007148)
(-0.00875673847844 -5.77414623009e-12 1.88203591324)
(0.0212699744826 -1.85418832709e-12 1.82534225726)
(-0.00279339837798 -3.33559062719e-12 1.39304312516)
(0.00691493978085 -1.09786534968e-12 1.1300228794)
(-0.131483882065 -3.68395288128e-11 13.1406547819)
(-0.0301532381705 -1.07291547118e-11 16.3524065543)
(-0.212316352113 -1.07664159253e-10 13.0974311517)
(-0.108764862906 1.95627811523e-11 11.5316789145)
(-0.0432162210399 4.56891249811e-11 11.1474148593)
(-0.00453524543633 -1.59966444719e-11 10.7245907004)
(0.0648048100958 -3.32196193394e-11 10.2694695929)
(0.0773643702534 2.9247416459e-13 9.58923523523)
(0.0698684024445 4.66533299769e-11 8.49762124279)
(0.0338461890699 9.36397949721e-11 7.08516035454)
(-0.051148199609 -3.46642383503e-11 5.33257923384)
(0.0477857791085 1.32747693499e-10 3.5322231756)
(0.150759192292 -8.79715720628e-11 2.38046511245)
(0.123468896056 -2.69596813647e-11 2.09895270866)
(0.0968616980067 -3.56619632733e-11 2.09100543888)
(0.108925796325 -3.68925132394e-11 2.0606245045)
(0.0701084938526 -2.44403863403e-11 2.0304879666)
(0.0584860659513 -7.74658673894e-12 2.01445993085)
(0.0402523401146 -1.57597022111e-11 1.99489642692)
(0.0390489237289 6.99988272175e-13 1.98079163437)
(0.0135327720905 1.55481208095e-11 1.95545891856)
(0.0263940796329 -7.03614595892e-13 1.94770421901)
(-0.00902217398043 -1.18178046778e-13 1.88824101424)
(0.0181229628156 -7.35379356756e-12 1.82804844423)
(-0.00414337873825 -7.1900762984e-13 1.39566792506)
(0.0052572349973 -2.40074052972e-12 1.13541130555)
(-0.0777236858295 -3.107404071e-11 16.334123837)
(-0.00523677591832 -8.99618586094e-12 16.2008753276)
(-0.120625736892 -5.12193351236e-11 16.2945088182)
(-0.293653382269 -1.01082328225e-10 13.0375110541)
(-0.154103110015 1.44289422193e-11 11.3710038785)
(-0.0610397601961 7.41434672982e-11 10.7770053782)
(-0.0177591016222 -6.27729227442e-12 10.1693039233)
(0.0584553520082 -6.31038013831e-12 9.45863935272)
(0.0581021263648 3.75277492828e-11 8.51294861322)
(0.0155148647133 7.42923420259e-11 7.19303170932)
(-0.0171753380882 1.51967357205e-10 5.61942301968)
(-0.0267162822365 -1.44253420574e-10 3.9240249459)
(0.142155350968 1.70516341434e-11 2.46170663568)
(0.116028324238 -4.31992958967e-11 2.12388819726)
(0.114102462909 -3.40997586344e-11 2.11598365527)
(0.109491141376 -3.43332096733e-11 2.06672779301)
(0.0691714880633 -9.2880374352e-12 2.03872235081)
(0.0617749970454 -1.42274630707e-11 2.02192355197)
(0.0429292008774 3.0167937602e-12 2.00155553015)
(0.0393969752141 -9.58004406617e-12 1.98625683793)
(0.0153805356905 2.79013735959e-12 1.96252036858)
(0.0248435422988 2.81448499736e-13 1.95231117261)
(-0.0072077713593 2.99445937968e-12 1.89384579408)
(0.0145538084587 -1.22809545128e-12 1.83053993865)
(-0.0046790711236 -4.00634709543e-12 1.39808728193)
(0.00353031594686 -1.09027734784e-12 1.13560072067)
(-0.0149887311672 -2.54514344246e-11 16.1811656306)
(-0.00705895433743 -6.1880439091e-11 16.6069835817)
(-0.0256351071953 -4.12137274319e-11 16.1378505707)
(-0.159292092035 -6.65440392263e-11 16.2385199778)
(-0.453259349395 -1.12603267746e-10 12.9043046184)
(-0.213842997139 -7.13351913191e-12 11.02223052)
(-0.0817433182436 -2.53915613095e-11 10.2513618886)
(-0.040103822756 1.23900075305e-11 9.43871651136)
(0.0355555045468 2.10588435488e-11 8.50112711367)
(0.0192903244886 6.5517560594e-11 7.32679100428)
(-0.000982800221034 8.38326143929e-11 5.83390235564)
(-0.0434871152832 -1.59393836524e-11 4.2650074254)
(0.138079798035 -8.92096611719e-11 2.60462255867)
(0.115520622596 -2.28145438346e-11 2.16228808281)
(0.138221266481 -3.26000603181e-11 2.12625029426)
(0.101617340149 -4.45478536411e-11 2.07012539934)
(0.0723545552255 -3.52065515285e-11 2.05057425767)
(0.0673137078213 -8.83175059925e-12 2.03010732999)
(0.0451683397147 -2.04353885153e-11 2.00801741117)
(0.0403081481122 3.15098538531e-12 1.99340255964)
(0.016948410061 4.0448705097e-12 1.96814519598)
(0.0243313356311 6.95154730039e-14 1.95868522268)
(-0.0071298921606 -1.04345760087e-12 1.90087673336)
(0.0128924191681 -8.28574995142e-12 1.83308612544)
(-0.00510771963696 -4.68433010606e-13 1.39941249793)
(0.00266320776252 -2.84473678886e-12 1.13388333198)
(-0.0182754978301 -1.82603437207e-10 16.585872062)
(-0.00277933567232 -1.75086458606e-11 16.7746232014)
(-0.0284917625645 -2.00391909679e-10 16.5397830424)
(-0.0375779563338 -5.45163777912e-11 16.0764538398)
(-0.212412585446 -9.00981533413e-11 16.1110010202)
(-0.715201603358 -1.66407397624e-10 12.6271811251)
(-0.286683577221 -7.01299486818e-11 10.5247042038)
(-0.108519356558 7.49718746024e-12 9.57408457117)
(-0.0692659662312 3.73126059021e-11 8.54066691027)
(0.00947013828589 3.3451896991e-11 7.41136047386)
(-0.00863318378436 7.12714010736e-11 6.07269000662)
(-0.0937039145548 2.15940718318e-11 4.49864120188)
(0.134328288621 3.49691837469e-11 2.83090579866)
(0.13453384823 -4.05929442419e-11 2.22822508058)
(0.139835100656 -1.10993201716e-11 2.11881129508)
(0.0899464031493 -1.68739037619e-11 2.0727808317)
(0.0780252116919 -2.04821177763e-12 2.06286644037)
(0.0710515690864 -1.50959496927e-11 2.03750212109)
(0.0474042340009 -1.00707331289e-11 2.01553962136)
(0.0414069972263 -1.18864822358e-11 1.99966256404)
(0.0193370316819 7.85333231912e-13 1.97649464692)
(0.0235020807417 5.36547687271e-13 1.96380323901)
(-0.00442950367858 3.5458721837e-12 1.90683095573)
(0.0101344131741 -3.49681477592e-13 1.83566432138)
(-0.00505218926672 -4.62410528583e-12 1.40097664425)
(0.00176965784914 -2.02458339645e-13 1.1295993502)
(-0.00745620163729 -4.89045788896e-11 16.7508893147)
(0.000790561246983 -5.38082608631e-12 16.6017568074)
(-0.0120772976865 -7.52881245169e-11 16.6987478833)
(-0.0376371782882 -1.76424409143e-10 16.4745176367)
(-0.0694636847035 -7.56327427788e-11 15.9364226397)
(-0.261875715867 -1.15880806343e-10 15.8308527866)
(-1.00518571935 -1.41257936358e-10 12.2396001983)
(-0.377848483059 -1.49283742144e-10 9.87630906909)
(-0.139929127173 -1.06613734562e-11 8.76072942717)
(-0.114777449649 6.1551103801e-11 7.50727938983)
(-0.0264691637301 3.58248133221e-11 6.22623072741)
(-0.0514368970297 4.26203630539e-11 4.76639183859)
(0.101754424641 2.00743788684e-11 3.15368539513)
(0.138876171235 -9.03645160264e-11 2.2919830975)
(0.129481233019 -2.62038450411e-11 2.10965182009)
(0.0838403298104 -2.0006557659e-11 2.0888325713)
(0.0893613357056 -2.2500872444e-11 2.07234722407)
(0.0738592859512 -1.20010694905e-11 2.04404422505)
(0.0498069960262 -2.19076445264e-11 2.02311292767)
(0.0434082987695 -9.81382773737e-12 2.00797232788)
(0.0212448520058 5.0165003932e-12 1.98244594416)
(0.02379407897 1.1416956631e-13 1.97137990772)
(-0.00432443166907 -2.44923667271e-12 1.91486121459)
(0.0095634625896 -9.31829916611e-12 1.83827851479)
(-0.00502278884546 -1.15772270429e-11 1.40152519561)
(0.00118776077225 -3.61934189833e-12 1.12422508613)
(0.00216981976777 -2.1244031496e-11 16.5766650988)
(0.0102013124238 -1.14055554721e-11 16.2810633687)
(0.00364543390555 -9.66140309689e-11 16.5213031448)
(-0.0168473259884 -9.4691531457e-11 16.6248968824)
(-0.0501973952322 -1.79230543199e-10 16.3259851943)
(-0.131202249081 -9.71677207845e-11 15.61490711)
(-0.312666753206 -1.22660897574e-10 15.3984429162)
(-1.33411566913 -1.456952091e-10 11.7322456862)
(-0.490061836292 -6.80292917204e-11 9.07105009909)
(-0.177716823892 -7.75905942842e-11 7.83734957172)
(-0.175437845431 5.62121664444e-11 6.37390623951)
(-0.0595085191274 2.3318084151e-11 4.97232735471)
(0.0112040800613 1.73943779478e-11 3.51226686459)
(0.151986977696 -8.54492163633e-11 2.37566310011)
(0.124583664692 -1.80387834736e-12 2.11397673794)
(0.0946275632163 -2.95401081075e-12 2.09503839826)
(0.102744068227 -2.52049330961e-11 2.07824042327)
(0.0730889444814 -1.36549795805e-11 2.04920494174)
(0.0535919835096 -6.39067714509e-12 2.03146437773)
(0.0455490406653 -1.17019718335e-11 2.01448483951)
(0.024128688655 -1.79545845556e-12 1.99223590485)
(0.0236998996714 9.78431142576e-13 1.97691632947)
(-0.000794645668235 4.05697829239e-12 1.92112340764)
(0.00729964388656 -1.38166956027e-11 1.84124616429)
(-0.0046012863035 -1.65739710663e-12 1.40248765208)
(0.000626347100471 -1.29665371516e-11 1.11702131345)
(0.0264252920206 -3.26591387857e-11 16.2544052809)
(0.0104151088034 -1.48623816721e-11 14.7383634612)
(0.0413143142602 -5.51627968991e-11 16.1956332567)
(0.00531166882188 -1.62922884761e-10 16.4427907801)
(-0.0270812582872 -1.24112485002e-10 16.4567943636)
(-0.0621758064346 -1.09569814224e-10 15.9885329922)
(-0.194322981511 -1.07692354456e-10 15.1098109288)
(-0.358133705541 -1.23003586025e-10 14.7482278641)
(-1.69250894949 -1.28315097502e-10 11.0524506241)
(-0.617035618424 -4.27870803869e-11 8.08476003992)
(-0.231978567157 -8.94433403074e-12 6.80802345866)
(-0.206194078371 3.56958641291e-11 5.18055087082)
(0.00112174794289 1.04991240898e-12 3.74904092578)
(0.126589866717 -7.7155041171e-11 2.50793068019)
(0.125574298912 -6.5388087566e-12 2.13327653079)
(0.109298336014 -4.50430165038e-11 2.10789659034)
(0.105413318934 -1.33002756586e-11 2.07760224242)
(0.0722983894709 -1.22803454732e-11 2.05589350716)
(0.0578908899819 -6.4526297517e-12 2.03981936676)
(0.0487350339202 -9.40921574539e-12 2.02351705161)
(0.0265950975092 5.49054537721e-12 1.9982624275)
(0.0248751247606 1.2983698094e-13 1.98583305588)
(-0.000852096638866 -3.46051584764e-12 1.93042204315)
(0.00772295202297 -8.21621663309e-12 1.8441159222)
(-0.00423252213866 -2.89174130198e-12 1.4027372894)
(0.000499888708418 -4.8120392895e-13 1.11045864197)
(0.0281256943719 -4.23059049551e-11 14.7111373742)
(-0.00879206239172 -9.84847558131e-12 14.4435973129)
(0.0458574320175 -7.03371911102e-11 14.6512855645)
(0.0548588785357 -7.48202754809e-11 16.1125605666)
(0.0100620509625 -2.78541576032e-10 16.2640482783)
(-0.0446877627448 -1.53824990799e-10 16.0720629957)
(-0.073024509038 -8.0837716735e-11 15.4566022638)
(-0.256693124549 -1.08827086636e-10 14.3562010492)
(-0.396634838041 -1.13102144631e-10 13.7788224787)
(-1.83491958284 -1.32758085543e-10 10.0131623534)
(-0.790015100372 -1.8837298297e-11 6.91686731053)
(-0.253170912492 -7.55799565112e-13 5.61437326841)
(-0.206972964844 1.03492462047e-12 4.03707667515)
(0.0835433291451 -6.74582711357e-11 2.60948030404)
(0.126631667668 -1.04506102254e-11 2.18625741783)
(0.135127630766 -1.33252215637e-11 2.10935112619)
(0.107556318491 -3.0322122746e-11 2.07304049794)
(0.0786715881005 -1.44643143667e-11 2.06249443367)
(0.0660471668642 1.05961510861e-11 2.04774645142)
(0.0515903943306 -1.12777949265e-11 2.02955771275)
(0.0304530387267 -4.80372984412e-12 2.00959329018)
(0.025796862691 1.31396571527e-12 1.99165077005)
(0.00363909442451 5.1674195946e-12 1.93698152336)
(0.00576288478776 -1.41601186737e-11 1.84780766742)
(-0.00357602748999 -2.8676780635e-12 1.40354476986)
(0.000165063017919 -9.1462728318e-13 1.10281048074)
(-0.0238731847113 -2.79661691352e-11 14.4151224723)
(-0.0114255611167 4.16356326421e-11 15.1194794172)
(-0.0396267457251 -4.60719407967e-11 14.3525446429)
(0.0644210198978 -9.68095735446e-11 14.5671236122)
(0.0741852607288 -1.04627478461e-10 15.9242599308)
(0.0196599740979 -1.9262366907e-10 15.8561546745)
(-0.0633662195195 -2.04017742361e-10 15.4751563291)
(-0.0859330797731 -8.4565463093e-11 14.6544689588)
(-0.313163344823 -9.92082906526e-11 13.2667842211)
(-0.424954408737 -9.48942474398e-11 12.4031714839)
(-1.61209673399 -4.27783854284e-11 8.47325602003)
(-0.884307788357 -1.40950082643e-11 5.58543256294)
(-0.23960052256 -2.10668571924e-11 4.29291350008)
(0.0461195092629 -5.38887857231e-11 2.91011778241)
(0.0839473791193 -1.70567687787e-11 2.20043283086)
(0.124200354488 -1.28906342203e-11 2.10524105838)
(0.106076631562 -4.56673825686e-11 2.0708774222)
(0.0864527472297 -1.33123024903e-11 2.0660400983)
(0.0742951553508 -1.46865277232e-11 2.05222745219)
(0.0560654405234 -7.22411223646e-12 2.03792165314)
(0.0341674459177 6.71044040822e-12 2.01535283761)
(0.0280580619071 1.21805392501e-14 2.00218879196)
(0.00337561159942 -4.8091140669e-12 1.94797525608)
(0.00721257844301 -7.02363560436e-12 1.85114663716)
(-0.003022331974 -3.33837433593e-12 1.40394137467)
(0.000305934552369 -1.25655388144e-12 1.09695780577)
(-0.029891482625 1.28160507656e-10 15.0921903829)
(-0.00602395153565 1.54131253479e-11 14.5420049853)
(-0.0474684522517 1.16357925015e-10 15.0321384079)
(-0.0570961779547 -6.23775159975e-11 14.2645494934)
(0.105915624045 -1.44162926469e-10 14.3775466323)
(0.0914862387827 -1.17196749114e-10 15.5006248891)
(0.026850349367 -1.498480556e-10 15.2277361776)
(-0.0869958374608 -1.15875990952e-10 14.6193882806)
(-0.104463039112 -6.75051148866e-11 13.5079086704)
(-0.327290567941 -7.83239164843e-11 11.7718598832)
(-0.446254081714 -4.7848760458e-11 10.5253689914)
(-1.27199699915 -4.46977348126e-11 6.63772462761)
(-0.783105891953 -2.93392276506e-11 4.15110281412)
(-0.207189819922 -5.5817944115e-11 3.06603381077)
(0.0732618640524 -1.73160763739e-11 2.29078700732)
(0.0976207687852 -1.51783571354e-11 2.10207603636)
(0.104755646465 -3.47234325787e-11 2.06640535165)
(0.103765349947 -1.65141946357e-11 2.06764657135)
(0.0847463774526 1.42913461604e-11 2.0547581579)
(0.0611234767193 -9.44038199811e-12 2.04171702295)
(0.0405008297744 -9.01529773017e-12 2.02803081576)
(0.0306621210708 1.24465458539e-12 2.00807282141)
(0.00925467543097 6.00689988317e-12 1.95489398628)
(0.0054626978811 -1.42768844351e-11 1.85608858416)
(-0.00207686287119 -4.05813054005e-12 1.40532952249)
(8.65463562471e-05 -1.23168893489e-12 1.09048601771)
(-0.016063440467 4.65883865333e-11 14.5168408212)
(-0.00610806539879 3.43925521484e-12 13.8828433084)
(-0.0258187428874 -1.1995712234e-11 14.4613458353)
(-0.0646057194922 5.7383613412e-11 14.9479473708)
(-0.0980051723753 -8.95613082675e-11 14.0663503021)
(0.178727612632 -2.19584478996e-10 13.954956595)
(0.10533604092 -1.30044229357e-10 14.859093593)
(0.0305065410665 -8.51123159087e-11 14.3267298765)
(-0.126993506289 -7.40954634632e-11 13.4311454209)
(-0.12266410866 -1.99309949749e-11 11.9682202056)
(-0.275965258012 -4.45297518792e-11 9.88854206233)
(-0.409565664032 -2.47401565366e-11 8.20313286424)
(-1.22431175328 1.53763709543e-11 5.04369453307)
(-0.582088486798 -3.01468768336e-11 2.90914777686)
(-0.170401341641 -3.21358414946e-11 2.36133447466)
(0.0568118679484 -1.40609154259e-11 2.06072755027)
(0.096905038337 -3.77921860135e-11 2.05350246951)
(0.115087871949 -1.48872260501e-11 2.05768328053)
(0.0935244896547 1.12980659012e-11 2.05203426899)
(0.0718767240571 -6.30450259361e-12 2.04891644765)
(0.0482876458334 9.77931014605e-12 2.03202910513)
(0.0349547837142 -1.56660088489e-13 2.02036900499)
(0.00910549398651 -6.95837419522e-12 1.96825030468)
(0.00834757186592 -5.76875144864e-12 1.86027678005)
(-0.00141832691743 -2.77605224525e-12 1.40658131517)
(0.000373536225386 -1.69745232085e-12 1.08695654198)
(-0.0159806287334 9.61582972557e-12 13.8623165556)
(-0.00551443604171 -1.53579606876e-12 13.5022367296)
(-0.0251185423157 1.47907363551e-11 13.8170570456)
(-0.0356285534289 -5.52176452992e-11 14.3835964953)
(-0.0938504087837 4.26548299184e-12 14.7591663472)
(-0.176537412587 -1.2058489297e-10 13.6321363859)
(0.244851645285 -1.51349975657e-10 13.3301474106)
(0.109465741983 -1.49991920513e-10 13.9625361095)
(0.0176077032369 -3.77152928593e-11 13.1207054863)
(-0.154563970896 -4.45147845192e-11 11.8800227047)
(-0.0936927326337 -4.0442649026e-11 10.0771024977)
(-0.172799344296 -1.76156867422e-11 7.78248272082)
(-0.3113920133 3.17287775881e-12 6.07669022009)
(-1.29195994376 -1.1202814948e-11 3.91312224931)
(-0.45252827062 -2.8707872643e-12 2.23000564426)
(-0.138279105085 -1.69958958114e-11 2.08643862937)
(0.0738405266629 -1.87089414757e-11 1.9969223544)
(0.122333023482 -1.96177871394e-11 2.02858349467)
(0.108549863525 6.97663550038e-12 2.04141548941)
(0.0849240940661 -5.07396278579e-12 2.04774851818)
(0.0611619078871 1.03011590189e-11 2.04475187465)
(0.0414240562356 2.38523067883e-13 2.02589802558)
(0.0176883028979 -9.860011924e-12 1.97572919343)
(0.0066757591894 -1.50523076896e-11 1.86719402234)
(-3.70385381081e-05 -7.37393441794e-12 1.41034426112)
(0.000316733073054 -1.85463788673e-12 1.08326881027)
(-0.0145107872694 -4.38387224289e-12 13.486034049)
(-0.00174528854256 2.09782053029e-12 13.0676883646)
(-0.0229690117723 -7.35847800765e-12 13.4501684574)
(-0.0336313705529 1.9622933657e-11 13.7536563186)
(-0.0554728364854 -1.17270587911e-10 14.2094017915)
(-0.136675540679 -1.52831996394e-11 14.3525364812)
(-0.264428804142 -1.36144000442e-10 13.0055727512)
(0.29640998858 -1.12629131391e-10 12.4877756119)
(0.105955805621 -7.6389709082e-11 12.80035915)
(0.0121879234475 1.06017806361e-11 11.6323591479)
(-0.136558220016 -3.72008526406e-11 10.0589873565)
(-0.0581196153047 -4.9533681703e-11 7.99601192898)
(-0.083054921917 1.42210854451e-11 5.8587234753)
(-0.298253639828 -7.4953596144e-12 4.74523799875)
(-1.35453585153 6.84974704548e-12 3.09978801354)
(-0.413968793983 -2.58238744633e-11 1.87221786655)
(-0.0612103607018 -6.84021205948e-11 1.90767168234)
(0.105396915358 -1.65820388408e-11 1.96874181433)
(0.118601338455 3.83921685676e-12 2.01154620281)
(0.110071331598 -2.5753154518e-12 2.04401627394)
(0.0760257570035 7.08097136555e-12 2.04229269051)
(0.0512307399743 5.72653135481e-13 2.04118469553)
(0.0192742977685 -5.74918957695e-12 1.99323474071)
(0.0119815017078 -3.68617135623e-12 1.8731223307)
(0.000719540870244 6.2541356514e-13 1.41435398511)
(0.000617474747594 -3.28640275806e-12 1.08355962239)
(-0.004628850372 5.9156406221e-12 13.0544915322)
(0.00244560843335 -8.54190087639e-12 12.3662121029)
(-0.00735293096126 9.48540795886e-12 13.025168517)
(-0.0310342706466 -1.02697753482e-11 13.399788134)
(-0.0477536881491 2.90794627604e-11 13.6116938023)
(-0.0854091631165 -6.60679782706e-11 13.8326039836)
(-0.185437729938 6.42836901231e-12 13.7742147112)
(-0.359428498347 -1.51249137988e-10 12.1871023687)
(0.312417774539 -8.00932672121e-11 11.4363707892)
(0.109841209403 -3.49645860234e-11 11.4126516809)
(0.0405302596182 -1.80100021213e-11 9.94967106496)
(-0.09654947668 -2.91454553178e-11 8.19054924463)
(0.0558142985823 -2.19123549375e-11 6.0950638117)
(-0.100986000422 -7.7117670829e-13 4.54290317055)
(0.0878399312113 4.99201206647e-12 3.93008013522)
(-1.58188317227 7.46380110949e-12 2.20563766136)
(-0.234633221715 -2.4194044778e-11 1.59177181313)
(0.0544068308015 -1.98804324032e-11 1.83302063583)
(0.145650628221 3.4469762178e-13 1.94927043167)
(0.138424735977 -1.80927816361e-12 2.01325444542)
(0.107645792815 8.88926133061e-12 2.04969716642)
(0.0676202514167 7.09976888293e-13 2.04292438665)
(0.034215082417 -1.00383458697e-11 2.00119896744)
(0.0107448757639 -1.72246626832e-11 1.88451027685)
(0.00252281876491 -1.30241433366e-11 1.42396307354)
(0.000475622911652 1.17429625293e-12 1.08506915957)
(0.00646081873374 -2.44803672079e-11 12.3558487896)
(0.00231282956698 4.15584867227e-12 11.5228027321)
(0.0103525218615 -4.03792337191e-11 12.332834541)
(-0.009971200518 1.23091272915e-11 12.9838540018)
(-0.0452935630698 -1.56930049234e-11 13.2866081353)
(-0.0644566986709 4.80328600689e-11 13.3053104146)
(-0.109674036522 -1.3337007153e-10 13.2975549517)
(-0.232572338442 -2.0251177416e-11 13.0263761078)
(-0.438922938603 -9.98679948566e-11 11.1950856482)
(0.313737231586 -6.04431321899e-11 10.2448129396)
(0.150637068863 -2.47090385736e-11 9.88995731535)
(0.0885016355525 -2.32273020161e-11 8.21291298695)
(-0.0225033156584 -8.51567044115e-12 6.49060474158)
(0.0765264366503 -9.09789038677e-12 4.74847600344)
(0.0591138563007 4.22624743496e-12 3.64208725553)
(-0.275112356126 7.49342053083e-12 3.27184926105)
(-1.23144380831 3.94624473304e-12 0.98969488278)
(-0.0380344985171 -2.17779038432e-11 1.53802214793)
(0.145655619638 -2.09204217809e-13 1.78670872239)
(0.19511105929 -7.20945020852e-13 1.95734074188)
(0.140772749407 3.19179466914e-12 2.02035579196)
(0.0996488444493 1.22246486695e-12 2.06318851836)
(0.0436712818039 -4.27327634447e-12 2.02852050719)
(0.0212122661695 -1.62653963848e-11 1.89455315494)
(0.00395581660667 5.7300000983e-12 1.43341654629)
(0.00105301439077 -1.32746285336e-11 1.09057830566)
(0.00608091305267 2.54399346615e-11 11.5130955722)
(0.00216582362543 -1.38220871493e-11 10.8937247359)
(0.00969545864737 6.6492854413e-11 11.4915729858)
(0.0142049153101 -5.44046366442e-11 12.3003435966)
(-0.0148928427381 1.62428303875e-11 12.8907729605)
(-0.0642401988786 -2.54590118312e-11 13.0391638365)
(-0.0781589354095 -1.10304991081e-11 12.8710873657)
(-0.124426697041 -1.36618489138e-10 12.6130830741)
(-0.259517571227 -6.1451166058e-11 12.1312120566)
(-0.494582399538 -7.04498341891e-11 10.04104325)
(0.310731628047 -6.34746464641e-11 8.98730954117)
(0.253921777461 -2.24008059702e-11 8.38753129486)
(0.127114354165 -1.98002940512e-11 6.64774079344)
(0.0604026401794 1.07568742665e-11 5.16205110722)
(0.141264782791 3.70210228872e-12 3.83222035712)
(-0.144635826493 7.26112770624e-12 2.54599258426)
(-0.343295622047 2.0005419725e-11 0.919856791435)
(0.177681899703 -8.4559711529e-12 1.45885349117)
(0.287869640958 -3.01028338366e-12 1.77839030217)
(0.229489854116 1.00888428356e-11 2.00132645017)
(0.143442244137 2.18859964903e-12 2.04360391758)
(0.0789559215247 7.0630640296e-12 2.03566778461)
(0.0219998666976 -1.62627968958e-11 1.91817941012)
(0.0073840869765 3.36770638157e-12 1.45565853506)
(0.000939356103614 1.08288622286e-11 1.09841554884)
(0.0056980274859 -3.91175353378e-11 10.8827668901)
(0.00267995398112 1.09244068816e-11 10.0049354084)
(0.00911165926586 -6.59088384505e-11 10.8584322494)
(0.0132196303293 1.01190189887e-10 11.4610796875)
(0.0212753101927 -7.7151890705e-11 12.226932381)
(-0.020903434776 1.69821315463e-11 12.6851699685)
(-0.0812927569558 -4.19372819171e-11 12.6806637646)
(-0.0870466300582 -4.98337985558e-11 12.3116314523)
(-0.125563652587 -1.04228218046e-10 11.8027744802)
(-0.257054806439 -7.2665652763e-11 11.1262698913)
(-0.514444885467 -5.53386534997e-11 8.7653532469)
(0.320491375835 -3.46702635129e-11 7.72357636812)
(0.409089681328 -2.059780355e-11 7.02832840536)
(0.13545894889 -3.07970276882e-11 5.4127561046)
(0.101173209612 8.72164861407e-12 4.21377109252)
(-0.0390112491156 3.99675152548e-11 2.77454740972)
(-0.0583310205664 -9.91217288982e-12 0.792532078965)
(0.427686058864 -1.40531618203e-12 1.48902960147)
(0.33994066914 2.88541209854e-11 1.85728781428)
(0.252931877103 8.63295308464e-13 2.05505431434)
(0.11563656642 9.75857560551e-12 2.09258182897)
(0.0482539908277 -1.47173432217e-11 1.93971144152)
(0.00945642924476 2.31103126397e-12 1.47868710086)
(0.00226019253708 8.26733455908e-12 1.11799106704)
(0.00690726527803 -5.48693673283e-11 9.99145672652)
(0.00323938120893 -2.91215759735e-11 8.95419695883)
(0.0107578970363 -5.49977558258e-11 9.96161692809)
(0.0124824171034 -9.25324979782e-11 10.823835706)
(0.0193260420951 1.57876823076e-10 11.3918171775)
(0.0319814697734 -9.94817900572e-11 12.0626203401)
(-0.0215918275519 1.04408238442e-11 12.3830221595)
(-0.093757351254 -5.54493009752e-11 12.2039018292)
(-0.0887764055167 -6.70589297582e-11 11.6351904454)
(-0.114823050281 -9.43114748872e-11 10.8926676325)
(-0.237034537993 -8.32766345219e-11 10.0403914654)
(-0.49877962637 -4.09505665961e-11 7.409076964)
(0.348183438641 -2.29386400007e-11 6.53575468538)
(0.613450095793 -2.17927616026e-11 5.85495741062)
(0.146339095989 4.18304078688e-12 4.48954889024)
(0.01826618472 9.11448120333e-12 3.15070133606)
(0.710277776744 -8.31777710818e-12 0.776764752227)
(0.612796297125 1.25354862504e-11 1.65252176262)
(0.446707152413 6.32599769775e-12 1.93809858726)
(0.227273856095 1.73212041634e-12 2.09464624421)
(0.0568733598039 -1.39195255785e-11 2.00177966621)
(0.0193525534833 -2.93283784425e-13 1.5269902665)
(0.00207850067426 7.07466199428e-12 1.13931899785)
(0.00865386703608 -1.58377048184e-11 8.94242025738)
(0.0026169504927 1.20426702201e-11 8.03989255478)
(0.0139978581791 -7.88712533325e-12 8.9163328108)
(0.0143403355375 -6.15405132479e-11 9.9194533959)
(0.0184179459255 -1.42108748054e-10 10.7449164475)
(0.028132342482 1.42681781113e-10 11.2337900184)
(0.0440655132923 -1.13973725938e-10 11.81646638)
(-0.0432553611072 -4.73151240956e-12 11.973960266)
(-0.0989733009049 -6.12036254967e-11 11.6031583362)
(-0.0837800652814 -7.24406716309e-11 10.8490043972)
(-0.103732367053 -9.52738985165e-11 9.89490192521)
(-0.0732661283227 -1.17343288143e-10 8.83841176492)
(-0.814674126333 -3.3323255788e-11 5.9709692486)
(0.596501335723 -1.7061336411e-11 5.41711438465)
(0.639942278639 -6.63350939918e-12 4.9881108532)
(0.0069229053873 3.95772902984e-11 3.52226587333)
(0.890242571432 1.85173841954e-12 0.977857376315)
(0.899706162015 9.58738161943e-12 1.8128563106)
(0.372097502282 1.67780792075e-11 2.25796333283)
(0.134909277165 -1.08419852076e-11 2.05939615455)
(0.0243543693175 -1.07599501245e-12 1.6031985977)
(0.00556784281089 4.09022136644e-12 1.18376216152)
(0.00653625632348 2.70758320056e-11 8.02905595653)
(0.00177468989846 -3.97464482455e-12 6.75455602768)
(0.00973057880414 2.33465820342e-11 8.00504967031)
(0.0193561594363 -2.85860031943e-11 8.8795042269)
(0.0196725814381 -7.63843890959e-11 9.82402766692)
(0.027668725355 -1.49413310766e-10 10.5622432174)
(0.0388151636061 1.41170517628e-10 10.9890609979)
(0.0560518762742 -1.1737379098e-10 11.473536788)
(0.0149369183225 -2.74159538452e-11 11.4475766015)
(-0.0968457484489 -6.46987087713e-11 10.9043480042)
(-0.0754226076972 -7.06230952448e-11 9.92563664331)
(-0.0406091261069 -1.08408109024e-10 8.72422703177)
(-0.184318941487 -1.06258436316e-10 7.13075145912)
(0.0917110596799 -3.14427880744e-11 4.11468971369)
(0.811572628089 -4.86472756726e-12 4.70849303845)
(1.00628698415 2.71887273956e-11 4.10000659553)
(2.09331195042 4.25189186863e-12 1.2198799658)
(0.814038676075 7.73212212015e-12 2.40757869092)
(0.163992251715 -1.10579576064e-11 2.26588066397)
(0.0575992083765 -3.34092192937e-12 1.71072524272)
(0.00594768145225 3.66097189137e-12 1.25950688357)
(0.00506839660926 3.88122000616e-11 6.74773276177)
(0.00875615524392 4.94186078584e-11 6.73257382677)
(0.0123620309231 3.69026996201e-11 7.97116607583)
(0.0297984992544 -6.03047704134e-11 8.79623289461)
(0.0266893026484 -1.39845649509e-11 9.60928659237)
(0.0401768521252 -1.20139716155e-10 10.2749126243)
(0.0526259558442 1.55162047271e-10 10.62999966)
(0.0745376896584 -1.0090229018e-10 11.0124096527)
(-0.0892323356572 -4.73209151798e-11 10.7768205051)
(-0.0766461720401 -6.32246981348e-11 10.0376012088)
(-0.0456588825564 -3.87828549109e-11 8.76974957096)
(-0.0694833157835 -1.06933703808e-10 6.77472175649)
(1.22157993472 -4.83071689045e-11 3.50754794575)
(1.08134424612 3.08604297011e-11 3.96346979409)
(0.380780319663 -3.56566766634e-11 2.27613379299)
(1.98419102656 5.76940486259e-12 3.07053537644)
(0.330880359136 -4.68974401265e-12 2.41693798822)
(0.0692707182698 -4.42689253363e-12 2.01382991417)
(0.0169312044 6.81788784946e-13 1.35911049884)
(0.0128346970342 4.03575150387e-11 6.7111758713)
(0.0147638037547 6.01819494577e-11 7.89461729968)
(0.046262434802 -9.36899394949e-11 8.60891809776)
(0.0375166245579 -2.26055179511e-11 9.28637541926)
(0.0580587476458 -1.30062926764e-10 9.85183421665)
(0.0728525977455 5.9930527937e-11 10.1124560389)
(0.0796798700758 -7.51569649626e-11 10.3601691159)
(0.116117282791 -5.97071559555e-11 9.9143016504)
(-0.0548844820547 -5.45705822182e-11 8.95834234563)
(-0.0379391486779 -7.77710534275e-11 6.7569970218)
(1.78817470428 -1.51646726771e-11 3.01459311669)
(1.12329952136 3.69748301644e-11 2.84337096409)
(-0.588312213184 -7.54350527443e-11 0.508172336196)
(0.838509472151 -1.01249963665e-12 3.47664009267)
(0.641999723129 5.4678176267e-12 3.70417405711)
(0.119312722513 -5.25660342661e-12 2.16160095621)
(0.0200403002578 6.7156393529e-13 1.69053704601)
(0.0231036383341 3.53553273283e-11 6.66282969334)
(0.0146110836403 9.98138834445e-11 7.72312298741)
(0.0629084535024 -1.24148082399e-10 8.32771137036)
(0.0526952013279 -3.02847744486e-11 8.83780182764)
(0.0837627201178 -7.83251934785e-11 9.25813293695)
(0.102244210029 -1.34468021688e-11 9.36736611938)
(0.120259679748 -4.86129406286e-11 9.46061506874)
(-0.141020896192 -6.74601510076e-11 8.66754424992)
(-0.0144226662062 -5.94227063782e-11 6.74910215357)
(2.42801299842 -1.22052658195e-12 2.65921301598)
(0.914361059309 7.87161437067e-13 1.39891280985)
(-0.288471564509 -8.35897048107e-11 -0.170727958348)
(-0.116126474656 -2.21311718646e-13 4.38849113138)
(0.338125183764 1.15414308649e-12 3.12542757429)
(0.372121843811 5.08408763486e-12 2.77225889408)
(0.0283291256668 -2.68300735998e-12 1.80903541931)
(0.0428448915346 -1.46100056527e-11 6.55405052244)
(0.0158445662824 5.92597256856e-11 7.46859410539)
(0.0793242795262 -1.5402012314e-10 7.93810521402)
(0.071720441313 -3.8262904297e-11 8.24684525511)
(0.118400641306 -5.60985976958e-11 8.46143050853)
(0.152629326682 -7.31476615386e-11 8.2870159217)
(0.148989713649 -2.0896863607e-11 8.00984197088)
(0.344747768662 -7.21741546241e-11 5.94343445807)
(2.55662007788 3.19819810502e-13 1.99174620575)
(0.546672844633 -1.02904513612e-11 0.0159590499717)
(-0.378035545829 -5.50780237364e-11 -0.35101032447)
(-0.175683736944 1.11447137714e-13 4.22535931512)
(0.154021192237 8.20135238916e-13 4.520863053)
(0.148950966323 2.88964818581e-12 2.83329583372)
(0.175113501458 4.78531439082e-12 2.94156132986)
(0.0610557026163 -6.05541639567e-11 6.39202941572)
(0.0178210992345 3.73404234398e-11 7.12320355332)
(0.094438634372 -1.17441042308e-10 7.43023511801)
(0.0929244402557 -5.03086589604e-11 7.49883393334)
(0.157026537988 -4.68752490134e-11 7.43858672387)
(0.221207597091 -4.94663999238e-11 6.77929382486)
(0.215712370908 3.45463727551e-11 5.71146110272)
(-0.193976955639 -2.99502088606e-11 2.08309455489)
(2.84066884852 -1.76422716796e-12 1.41482735191)
(0.247901379616 -5.2636429073e-11 -0.996673673132)
(0.368935301537 -2.95420079438e-11 0.0265167286538)
(-0.220983921922 3.08735700934e-13 4.33846116508)
(0.0603080550844 8.03872519245e-13 4.30395553426)
(-0.010489688283 1.76364879796e-12 4.37817775519)
(0.0806321734595 4.40731933602e-12 3.01877447341)
(0.076474631804 -5.20619550229e-11 6.17078569784)
(0.0195340815403 3.15829566111e-11 6.68419851571)
(0.10482158003 -8.53997692426e-11 6.80483955313)
(0.111856776327 -6.73178747037e-11 6.58852727959)
(0.174497663772 -3.81525462003e-11 6.18442556123)
(0.2324766917 -3.68736343166e-11 4.97058565684)
(0.159485812132 2.11305709666e-11 2.8193122852)
(-0.447930240152 2.99173175004e-12 0.44029612893)
(2.54863398709 -2.54320168536e-11 0.87056914134)
(-0.136058323327 -3.03080578545e-11 -0.829953692503)
(-0.194336058401 -1.30990633742e-11 1.1611022392)
(-0.191113327062 3.78800266122e-13 4.33939448985)
(0.0306457285485 8.0879273457e-13 4.39887213556)
(-0.0435256223674 1.48290213378e-12 4.11874427014)
(0.0495375149237 3.76881773066e-12 3.04675051888)
(0.0877181182727 -2.88744192963e-12 5.88645928212)
(0.0197495427044 4.04112347091e-11 6.15602517606)
(0.10573040725 -5.12991565904e-11 6.07503557438)
(0.116730788376 -8.78101973232e-11 5.54833747505)
(0.161427954571 -3.83342639483e-11 4.76453630131)
(0.159951449463 1.0110253205e-11 3.08519636951)
(0.0878386562456 2.61473766673e-11 0.97049114534)
(-0.193272617662 1.82663293772e-11 -0.390985290202)
(1.62481773949 -2.46920394301e-11 1.45952896734)
(-0.353613702484 -9.43459889047e-12 0.325363805135)
(-0.189732169855 3.25493533964e-12 3.24600849168)
(-0.177732503573 5.37384489107e-13 4.29137530823)
(0.0124728998675 -8.79719744732e-13 4.38176107735)
(-0.0468778665002 1.30485668717e-12 4.16122964143)
(0.0922551421437 3.72709483042e-11 5.53778282742)
(0.0170942541339 1.98072047034e-11 5.55270567061)
(0.0948970576357 -1.1122883592e-11 5.26196683188)
(0.105059090026 -5.88645731071e-11 4.45171895988)
(0.112665182661 -4.4134589815e-11 3.3454689646)
(0.110230614309 4.57366765058e-11 1.53172805564)
(-0.0306315352827 4.38841211868e-11 -0.294482870618)
(-0.16981862498 2.51864845439e-11 -0.564613735315)
(0.545207025064 -1.6050879257e-11 1.69091851125)
(0.194842284547 -1.98604564086e-11 2.42194216189)
(-0.186063196947 2.59183490287e-12 2.96630777429)
(-0.136854433352 1.26199444033e-12 4.25067115861)
(0.00439893470632 7.43508419728e-12 4.29244883153)
(-0.0399263413214 -1.67948007978e-12 4.10958240043)
(0.0886721078647 3.63380799987e-11 5.12705335882)
(0.0114212808782 1.25838981256e-11 4.89542526274)
(0.0688945513305 -6.08663329818e-13 4.39747842105)
(0.0677712520341 -2.89139400492e-11 3.37472628374)
(0.0631229346803 -1.13954124798e-11 2.10370556631)
(-0.0646852982247 7.88982485343e-11 0.446423409426)
(-0.0810492911939 5.62217810648e-11 -0.582380960711)
(0.0803402056089 1.56576897789e-11 -0.684883829505)
(0.475651357041 -2.35112153549e-12 3.17068701884)
(-0.397763396375 -1.46436614387e-11 3.4808682828)
(0.0947576384657 1.63135578725e-11 1.31166041591)
(-0.166513608986 1.62301775274e-12 3.88189062189)
(-0.0353203726875 6.67443404424e-12 4.22640222037)
(-0.0365287721041 8.83101362217e-12 3.94590474219)
(0.0767959491201 3.87986114939e-11 4.66210832521)
(-0.00254697701569 1.23531531124e-11 4.2102402665)
(0.0303492460665 2.10852895621e-11 3.53781031289)
(0.0255322791066 5.06338779137e-12 2.38778459635)
(-0.0358273251364 1.36207908803e-11 1.15627834794)
(-0.177373624193 1.99909784005e-11 -0.0376052930247)
(-0.139957652805 7.05844014453e-11 -0.502162499345)
(0.1753982157 -1.33817538482e-11 -0.277106553184)
(0.0784394191331 1.13958065892e-12 4.10953157025)
(-0.131597649253 -1.03078668013e-11 3.75467210226)
(0.0122367165619 -1.05769525424e-11 2.78654246222)
(-0.180099982496 6.45775880882e-12 2.27045655514)
(-0.0390402103968 6.2672945082e-12 3.81229610151)
(-0.0281223040299 7.78142128055e-12 3.84310947458)
(0.0547908785976 4.57964674671e-11 4.15700793923)
(-0.0182597052132 1.9110456751e-11 3.52212208413)
(-0.0177614944896 5.64254659934e-11 2.75092905716)
(-0.0429355866094 -3.12902933521e-11 1.58314034059)
(-0.140705192618 2.28352840429e-11 0.655201794113)
(-0.258338714396 -2.41997656315e-11 0.00709166277138)
(-0.184201871807 8.41611559769e-11 0.0860107458238)
(0.00438699568021 -9.14883722026e-11 0.388675153941)
(-0.223933161464 9.53495318956e-13 4.39753935117)
(0.0989403609728 1.64336612427e-12 3.98984237641)
(0.136680497536 -9.58516503396e-12 3.33989703207)
(-0.243896596951 -1.12499401795e-11 3.17787392069)
(0.0491049886412 3.21324191455e-12 1.91339805126)
(-0.0241275283374 7.08330653475e-12 3.34263863512)
(0.0249683048378 5.90938464536e-11 3.6318031151)
(-0.0444993398148 2.45619549466e-11 2.85983228623)
(-0.0789424364626 2.35389108009e-11 2.08549119658)
(-0.12021060643 -6.57871238141e-11 1.08416331073)
(-0.202721653974 2.21175937633e-11 0.578769465561)
(-0.314063133943 -4.57164888141e-11 0.432396924431)
(-0.2744831628 2.48893559043e-11 0.824877150207)
(-0.146461522226 -1.58067559389e-11 2.22230978658)
(-0.125420465023 4.21026168567e-13 4.16563504708)
(0.0130404799932 1.14453618951e-11 4.34450173634)
(0.00955131862805 8.57016415904e-13 3.52716602017)
(-0.126110571192 -1.65747201723e-11 3.56475648587)
(-0.0340409786458 -1.03356771837e-11 2.98867700704)
(-0.0188839656444 2.14107355559e-11 3.12576909201)
(-0.0806352536277 2.3877090514e-11 2.27626099764)
(-0.119458686536 4.46255819206e-12 1.62583239013)
(-0.174630833617 -3.21500297553e-11 0.957689316668)
(-0.249354475586 2.06683493946e-11 0.862867204108)
(-0.349391029761 -6.0904634496e-11 1.12684206173)
(-0.267601421976 -1.02649021844e-12 2.21665052858)
(-0.109224166067 -9.2902010498e-12 3.12123366081)
(-0.177923442265 1.93948342131e-13 4.21288230658)
(0.0252714252531 5.19173030915e-12 4.08365424414)
(-0.0403142766738 1.30498970223e-11 3.91219826547)
(0.00361594912608 -1.38564985282e-11 3.42563363869)
(-0.0679826205994 -1.51461371631e-11 2.67071700141)
(-0.108490114548 1.70339742805e-11 1.84594600012)
(-0.14517607095 5.66115467616e-12 1.44039626841)
(-0.212356642246 -1.01674317219e-11 1.15040212937)
(-0.262349567785 -2.21759033721e-11 1.37042820613)
(-0.303746718789 -3.13023066449e-11 2.09775288364)
(-0.186604221537 -1.03131287255e-11 3.00607975442)
(-0.157359379187 -3.0659754448e-12 3.53327398535)
(-0.101686601761 -4.7102871802e-13 4.11213929921)
(-0.00695511959327 1.72044156067e-11 4.07545041372)
(-0.0306101939877 5.87533454753e-12 3.61811177957)
(-0.101467241671 -5.80939877111e-11 2.30400495091)
(-0.141005610187 6.1878554467e-13 1.64513768182)
(-0.159415582982 -4.28656529041e-11 1.50596355436)
(-0.226952694403 -1.18938229596e-11 1.56442376201)
(-0.237945456908 -2.57940003595e-11 2.09607312053)
(-0.217524433934 -3.04420794872e-12 2.85343618522)
(-0.175446657359 -4.01444770407e-12 3.5049447849)
(-0.0357709903708 -1.1199261759e-13 4.05921403985)
(0.0047942426813 1.04355615899e-11 3.92868510516)
(-0.0353324383764 1.98160237596e-11 3.59440129878)
(-0.103336474945 -5.8110612073e-11 2.08298450473)
(-0.164280804439 -2.78036057474e-11 1.67806391592)
(-0.159421842819 -3.04063267068e-11 1.77558168166)
(-0.220848321918 -1.44673797717e-11 2.13518344476)
(-0.184849654534 -1.07464387409e-11 2.76609089264)
(-0.164616056703 5.19421189311e-12 3.40637970512)
(-0.0680695656577 3.36326830113e-12 3.95583473798)
(-0.0374863816923 2.14752975492e-11 3.83559178906)
(-0.025385622868 1.30950283775e-11 3.40451519849)
(-0.0967382395228 -7.61020372621e-11 2.02762230044)
(-0.166905609503 -8.13850828802e-12 1.90313418432)
(-0.154795883124 -2.23052654778e-11 2.18986819542)
(-0.181404700869 -1.06731055905e-11 2.72161957281)
(-0.14447188645 -1.55223839854e-11 3.2878243933)
(-0.100173697003 -3.64730446091e-12 3.73478786944)
(-0.0402668054346 3.44098569815e-12 3.66016978606)
(-0.00464882253329 2.2233441535e-11 3.30306210973)
(-0.0901198453274 -6.32728773643e-11 2.12613667667)
(-0.165646170898 -7.9534507975e-12 2.2661423812)
(-0.129573803064 -1.35788503955e-11 2.66897039994)
(-0.135519034472 -1.09873112671e-11 3.19508423642)
(-0.0603189526757 -6.53638060185e-12 3.53362137169)
(-0.0268158997068 2.48223635538e-11 3.28445437293)
(-0.00677148256893 4.02219027906e-12 3.0337888087)
(-0.0752630858016 -4.16855919889e-11 2.34255593597)
(-0.135440830703 -1.17786961476e-11 2.66706810407)
(-0.0879392310575 -1.16070284668e-11 3.06388669018)
(-0.0546645116958 -1.51141035819e-12 3.38789775618)
(-0.0266220125198 1.2458022201e-11 3.03824499673)
(-0.00761920241431 2.78963859968e-11 2.85550892797)
(-0.0638549291513 -1.69523410834e-11 2.64045274578)
(-0.102224911024 -8.88340364052e-12 3.01279645799)
(-0.0330544474472 -5.09932534603e-12 3.21207112126)
(-0.0241462749882 1.90566740749e-11 2.85305111846)
(-0.000972944628015 1.50618122476e-11 2.68642099586)
(-0.0431303387485 -9.67497065093e-12 2.90091153533)
(-0.0375740726261 -9.68650227062e-13 3.14380144184)
(-0.013375020579 2.58725297449e-12 2.67962974357)
(-0.00368312744786 2.21898751595e-11 2.52379970994)
(-0.019101906439 -4.32673748341e-12 2.97351245196)
(-0.0146572000721 1.75782526132e-11 2.62202145354)
(-0.00282728489377 4.14153064505e-12 2.36084859645)
(-0.0057584908506 -1.64955236391e-11 2.47520922856)
(-0.003730959039 2.08411289201e-11 2.30694054162)
(-0.00217194447075 -1.81684149744e-11 2.16610271779)
)
;

boundaryField
{
    inletfuel
    {
        type            fixedValue;
        value           uniform (0 0 60);
    }
    inletair
    {
        type            fixedValue;
        value           uniform (0 0 2);
    }
    outlet
    {
        type            zeroGradient;
    }
    leftside
    {
        type            fixedValue;
        value           uniform (0 0 0);
    }
    burnerwall
    {
        type            fixedValue;
        value           uniform (0 0 0);
    }
    front
    {
        type            wedge;
    }
    back
    {
        type            wedge;
    }
    reacting_to_fluid
    {
        type            fixedValue;
        value           uniform (0 0 0);
    }
    reacting_to_solid
    {
        type            fixedValue;
        value           uniform (0 0 0);
    }
}


// ************************************************************************* //
